day,in_line,line_station,origin,destination,line_id,name,wgs_lng,wgs_lat
2017-03-20,01,0101,23897,23723,01,西朗,113.226701,23.06795116
2017-03-20,01,0102,32315,31678,01,坑口,113.2271025,23.08159164
2017-03-20,01,0103,22797,19826,01,花地湾,113.2287117,23.089772
2017-03-20,01,0104,46506,46419,01,芳村,113.2303265,23.1012303
2017-03-20,01,0105,25068,27438,01,黄沙,113.2351077,23.11257959
2017-03-20,01,0106,49200,51401,01,长寿路,113.2367513,23.12092096
2017-03-20,01,0107,44997,46900,01,陈家祠,113.240959,23.12836353
2017-03-20,01,0108,56188,58958,01,西门口,113.250617,23.12788609
2017-03-20,01,0109,47048,52824,01,公园前,113.2588787,23.12809791
2017-03-20,01,0110,39536,40837,01,农讲所,113.2700246,23.12927798
2017-03-20,01,0111,61452,64505,01,烈士陵园,113.2804187,23.12927213
2017-03-20,01,0112,23311,23701,01,东山口,113.2904216,23.12675593
2017-03-20,01,0113,27748,26583,01,杨箕,113.3022,23.13
2017-03-20,01,0114,37564,48198,01,体育西路,113.3160915,23.13371546
2017-03-20,01,0115,42791,41215,01,体育中心,113.3229,23.1374
2017-03-20,01,0116,56790,62302,01,广州东站,113.3188729,23.1526276
2017-03-20,02,0209,50695,52654,02,江南西,113.26856770000002,23.09993807
2017-03-20,02,0210,38769,38313,02,市二宫,113.2645337,23.10862136
2017-03-20,02,0211,31777,31533,02,海珠广场,113.2605354,23.11763929
2017-03-20,02,0212,40078,40082,02,公园前,113.2588787,23.12809791
2017-03-20,02,0213,32941,32221,02,纪念堂,113.2580449,23.1347179
2017-03-20,02,0214,33951,31071,02,越秀公园,113.2559729,23.14287446
2017-03-20,02,0215,81037,63283,02,广州火车站,113.2513,23.1506
2017-03-20,02,0216,67303,64924,02,三元里,113.2519034,23.16189573
2017-03-20,02,0217,24077,26821,02,飞翔公园,113.2583007,23.17152768
2017-03-20,02,0218,26009,27690,02,白云公园,113.2655406,23.18432686
2017-03-20,02,0219,23249,22738,02,白云文化广场,113.2702236,23.19250837
2017-03-20,02,0220,7688,6917,02,萧岗,113.2750124,23.20097454
2017-03-20,02,0221,44382,44324,02,江夏,113.2778492,23.21386515
2017-03-20,02,0222,25839,25418,02,黄边,113.2819165,23.22444291
2017-03-20,02,0223,67633,66601,02,嘉禾望岗,113.2833199,23.24010754
2017-03-20,02,0241,48008,50246,02,昌岗,113.2715211,23.093296
2017-03-20,02,0242,32001,31119,02,江泰路,113.2752156,23.08473473
2017-03-20,02,0243,48404,47299,02,东晓南,113.2890197,23.0738509
2017-03-20,02,0244,20478,18829,02,南洲,113.2925227,23.06638859
2017-03-20,02,0245,31032,30659,02,洛溪,113.2933813,23.04579646
2017-03-20,02,0246,27084,25741,02,南浦,113.2881871,23.03644511
2017-03-20,02,0247,11994,11503,02,会江,113.281239,23.01550866
2017-03-20,02,0248,3401,3144,02,石壁,113.2730486,22.99679692
2017-03-20,02,0249,69307,48596,02,广州南站,113.2650446,22.991757
2017-03-20,03,0303,85236,81048,03,体育西路,113.3160915,23.13371546
2017-03-20,03,0304,66783,74009,03,珠江新城,113.315753,23.12200624
2017-03-20,03,0305,25570,23618,03,广州塔,113.317833,23.1088155
2017-03-20,03,0306,597,915,03,客村,113.31516299999998,23.09890909
2017-03-20,03,0307,23782,21555,03,大塘,113.3162596,23.08048641
2017-03-20,03,0308,11819,11862,03,沥滘,113.3150408,23.05753607
2017-03-20,03,0309,36461,36249,03,厦滘,113.315329,23.04014744
2017-03-20,03,0310,53523,54802,03,大石,113.3161695,23.02036278
2017-03-20,03,0311,21327,23474,03,汉溪长隆,113.3248269,22.99624861
2017-03-20,03,0312,61824,64741,03,市桥,113.3563709,22.95222853
2017-03-20,03,0313,43237,39183,03,番禺广场,113.3798282,22.93817521
2017-03-20,03,0314,50301,46343,03,天河客运站,113.3383371,23.17333592
2017-03-20,03,0315,30931,28296,03,五山,113.3464249,23.15511594
2017-03-20,03,0316,42242,45317,03,华师,113.3398417,23.14314816
2017-03-20,03,0317,65307,65502,03,岗顶,113.3341467,23.13744553
2017-03-20,03,0318,49487,51682,03,石牌桥,113.3262187,23.13586963
2017-03-20,04,0405,33914,28212,04,黄村,113.4016,23.1343
2017-03-20,04,0406,39933,38869,04,车陂,113.389941,23.12691761
2017-03-20,04,0408,31396,30028,04,万胜围,113.3792297,23.10024333
2017-03-20,04,0409,3309,3405,04,官洲,113.3712321,23.06950299
2017-03-20,04,0410,20719,21985,04,大学城北,113.3799456,23.06080148
2017-03-20,04,0411,3969,12871,04,大学城南,113.3950252,23.04591521
2017-03-20,04,0412,9957,10469,04,新造,113.4101024,23.03086726
2017-03-20,04,0413,13631,13837,04,石碁,113.4598044,22.95992618
2017-03-20,04,0414,9004,8834,04,海傍,113.4700577,22.94206827
2017-03-20,04,0415,1111,1123,04,低涌,113.4794358,22.92242385
2017-03-20,04,0416,2856,2928,04,东涌,113.4736184,22.888258800000006
2017-03-20,04,0417,2633,2728,04,黄阁汽车城,113.504386,22.83876504
2017-03-20,04,0418,2632,2857,04,黄阁,113.5135275,22.82749739
2017-03-20,04,0419,4321,5056,04,蕉门,113.5223711,22.80342943
2017-03-20,04,0420,10809,10391,04,金洲,113.5338894,22.7951926
2017-03-20,05,0501,48544,39263,05,滘口,113.2030443,23.11634106
2017-03-20,05,0502,15589,20762,05,坦尾,113.2128218,23.12809281
2017-03-20,05,0503,21232,20594,05,中山八,113.2275902,23.12817317
2017-03-20,05,0504,21536,21152,05,西场,113.2327144,23.13999428
2017-03-20,05,0505,42186,42438,05,西村,113.2366171,23.14483745
2017-03-20,05,0506,17858,34472,05,广州火车站,113.2513,23.1506
2017-03-20,05,0507,41830,40766,05,小北,113.2711772,23.14209786
2017-03-20,05,0508,35818,36312,05,淘金,113.28136770000002,23.13903619
2017-03-20,05,0509,28344,28761,05,区庄,113.2916,23.1371
2017-03-20,05,0510,23320,25582,05,动物园,113.3019371,23.137213
2017-03-20,05,0511,21278,21715,05,杨箕,113.3022,23.13
2017-03-20,05,0512,43712,44307,05,五羊邨,113.308896,23.12246477
2017-03-20,05,0513,48005,49808,05,珠江新城,113.315753,23.12200624
2017-03-20,05,0514,35534,34716,05,猎德,113.3272,23.1208
2017-03-20,05,0515,32284,32845,05,潭村,113.3405542,23.11994416
2017-03-20,05,0516,36117,36504,05,员村,113.3587735,23.11795767
2017-03-20,05,0517,23276,22841,05,科韵路,113.3719842,23.12165489
2017-03-20,05,0518,33426,35320,05,车陂南,113.3846659,23.11816509
2017-03-20,05,0519,18976,18360,05,东圃,113.3961251,23.11191208
2017-03-20,05,0520,20883,18259,05,三溪,113.4103332,23.10651611
2017-03-20,05,0521,10673,10748,05,鱼珠,113.4267348,23.102656
2017-03-20,05,0522,25147,28497,05,大沙地,113.44054540000002,23.10565659
2017-03-20,05,0523,16712,15272,05,大沙东,113.4528342,23.10886127
2017-03-20,05,0524,25506,23190,05,文冲,113.463532,23.1063885
2017-03-20,06,0601,23207,20696,06,浔峰岗,113.1963502,23.1668945
2017-03-20,06,0602,24524,23181,06,横沙,113.2013831,23.16071418
2017-03-20,06,0603,30192,29515,06,沙贝,113.2060375,23.1548356
2017-03-20,06,0604,8674,8902,06,河沙,113.2121757,23.13781691
2017-03-20,06,0605,2423,1431,06,坦尾,113.2128218,23.12809281
2017-03-20,06,0606,9851,9516,06,如意坊,113.2263371,23.11768885
2017-03-20,06,0607,10135,8899,06,黄沙,113.2351077,23.11257959
2017-03-20,06,0608,39634,40708,06,文化公园,113.2443853,23.11182598
2017-03-20,06,0609,27966,27581,06,一德路,113.2519172,23.11565257
2017-03-20,06,0610,11148,14752,06,海珠广场,113.2605354,23.11763929
2017-03-20,06,0611,21877,23034,06,北京路,113.2647242,23.12131745
2017-03-20,06,0612,16834,16911,06,团一大广场,113.2728,23.1209
2017-03-20,06,0613,17996,17587,06,东湖,113.2841,23.1173
2017-03-20,06,0614,21991,21122,06,东山口,113.2904216,23.12675593
2017-03-20,06,0615,10361,10799,06,区庄,113.2916,23.1371
2017-03-20,06,0616,14380,14810,06,黄花岗,113.2935,23.1431
2017-03-20,06,0617,22867,22538,06,沙河顶,113.3073,23.1547
2017-03-20,06,0619,16620,14981,06,天平架,113.3154,23.1621
2017-03-20,06,0621,17164,15961,06,天河客运站,113.3383371,23.17333592
2017-03-20,06,0622,22781,24360,06,长湴,113.3438612,23.18102554
2017-03-20,06,0624,10115,11854,06,龙洞,113.3721728,23.19366261
2017-03-20,06,0626,6098,6169,06,高塘石,113.4048325,23.19345103
2017-03-20,06,0627,6585,5936,06,黄陂,113.4275764,23.19082975
2017-03-20,06,0628,4500,4341,06,金峰,113.4457471,23.1836009
2017-03-20,06,0629,4649,4892,06,暹岗,113.4546987,23.17504507
2017-03-20,06,0630,3856,3754,06,苏元,113.462526,23.17323404
2017-03-20,06,0631,3097,3366,06,萝岗,113.4754,23.1783
2017-03-20,06,0632,11348,11139,06,香雪,113.4956577,23.17514172
2017-03-20,07,0701,16698,35927,07,广州南站,113.2650446,22.991757
2017-03-20,07,0702,622,669,07,石壁,113.2730486,22.99679692
2017-03-20,07,0703,571,610,07,谢村,113.2909966,22.99323963
2017-03-20,07,0704,5274,5380,07,钟村,113.310987,22.98893148
2017-03-20,07,0705,14726,12388,07,汉溪长隆,113.3248269,22.99624861
2017-03-20,07,0706,3916,4846,07,南村万博,113.3424945,23.00730586
2017-03-20,07,0707,12131,11278,07,员岗,113.3606127,23.01856073
2017-03-20,07,0708,6187,6232,07,板桥,113.38246,23.01926542
2017-03-20,07,0709,12487,5093,07,大学城南,113.3950252,23.04591521
2017-03-20,08,0814,16553,15205,08,凤凰新村,113.2508935,23.09711462
2017-03-20,08,0815,34482,33832,08,沙园,113.2551646,23.09121698
2017-03-20,08,0816,23381,22082,08,宝岗大道,113.2644157,23.08858677
2017-03-20,08,0818,19202,18677,08,晓港,113.2765179,23.09568688
2017-03-20,08,0819,40981,43313,08,中大,113.2877463,23.09470733
2017-03-20,08,0820,38617,37908,08,鹭江,113.30286979999998,23.09797551
2017-03-20,08,0821,66635,70115,08,客村,113.31516299999998,23.09890909
2017-03-20,08,0822,23333,23633,08,赤岗,113.329549,23.09902391
2017-03-20,08,0823,9819,9049,08,磨碟沙,113.3360071,23.10121359
2017-03-20,08,0824,11195,11061,08,新港东,113.3516716,23.10123984
2017-03-20,08,0825,36329,34037,08,琶洲,113.3611591,23.10109873
2017-03-20,30,3002,29080,32996,30,林和西,113.3183951,23.14396082
2017-03-20,30,3002,29080,32996,30,机场南,113.2975308,23.38877545
2017-03-20,30,3004,55484,55454,30,人和,113.2906185,23.33790206
2017-03-20,30,3005,45733,45819,30,龙归,113.295516,23.29139726
2017-03-20,30,3006,16375,12315,30,白云大道北,113.293227,23.22481081
2017-03-20,30,3007,33511,34934,30,永泰,113.3010106,23.22283683
2017-03-20,30,3008,48003,47583,30,同和,113.3207376,23.19986405
2017-03-20,30,3009,33844,35542,30,京溪南方医院,113.32067109999998,23.18782166
2017-03-20,30,3010,19814,21117,30,梅花园,113.3149773,23.17802926
2017-03-20,30,3011,33824,31780,30,燕塘,113.3220558,23.16278585
2017-03-20,30,30A1,27078,21449,,,,
2017-03-20,30,30A2,40961,43897,,,,
2017-03-20,60,6001,14315,12405,60,魁奇路,113.1031632,22.9967333
2017-03-20,60,6002,8039,7778,60,季华园,113.1030685,23.00969972
2017-03-20,60,6003,8950,8491,60,同济路,113.1028655,23.02158567
2017-03-20,60,6004,19035,19535,60,祖庙,113.1067684,23.02961751
2017-03-20,60,6005,7825,7785,60,普君北路,113.1173043,23.03018908
2017-03-20,60,6006,6253,5681,60,朝安,113.1282543,23.03018154
2017-03-20,60,6007,10801,10335,60,桂城,113.135886,23.03412609
2017-03-20,60,6008,13243,13243,60,南桂路,113.1486308,23.03657213
2017-03-20,60,6009,6804,6617,60,虫雷岗,113.1499246,23.0455823
2017-03-20,60,6010,13167,14156,60,千灯湖,113.1501136,23.05760446
2017-03-20,60,6011,10539,11193,60,金融高新区,113.153,23.0686
2017-03-20,60,6012,9533,8214,60,龙溪,113.1872985,23.06858529
2017-03-20,60,6013,7192,6793,60,菊树,113.207274,23.06892291
2017-03-20,60,6014,6663,5828,60,西朗,113.226701,23.06795116
2017-03-20,60,6015,6750,6370,60,鹤洞,113.234424,23.07499125
2017-03-20,60,6016,8841,8215,60,沙涌,113.2417236,23.08608123
2017-03-20,60,6018,13470,12907,60,燕岗,113.2653237,23.07921094
2017-03-20,60,6022,2308,2128,60,澜石,113.10175259999998,22.98685526
2017-03-20,60,6023,3125,2836,60,世纪莲,113.1089525,22.967765
2017-03-20,60,6024,1142,1192,60,东平,113.12371170000002,22.96788704
2017-03-20,60,6025,1383,1430,60,新城东,113.135,22.9615
2017-03-20,68,6801,7669,7669,68,林和西,113.3183951,23.14396082
2017-03-20,68,6802,1322,1322,68,体育中心南,113.3185,23.1367
2017-03-20,68,6803,1682,1682,68,天河南,113.3187444,23.1339214
2017-03-20,68,6804,5877,5877,68,黄埔大道,113.3189654,23.12951359
2017-03-20,68,6805,2748,2748,68,妇儿中心,113.319263,23.1251104
2017-03-20,68,6806,3912,3912,68,花城大道,113.3192,23.121
2017-03-20,68,6807,2732,2732,68,大剧院,113.3192915,23.11817878
2017-03-20,68,6808,1888,1888,68,海心沙,113.3189302,23.11412185
2017-03-20,68,6809,8793,8793,68,广州塔,113.317833,23.1088155
2017-03-21,01,0101,23762,23948,01,西朗,113.226701,23.06795116
2017-03-21,01,0102,30937,31253,01,坑口,113.2271025,23.08159164
2017-03-21,01,0103,22798,19891,01,花地湾,113.2287117,23.089772
2017-03-21,01,0104,46766,42278,01,芳村,113.2303265,23.1012303
2017-03-21,01,0105,24372,27263,01,黄沙,113.2351077,23.11257959
2017-03-21,01,0106,49422,52278,01,长寿路,113.2367513,23.12092096
2017-03-21,01,0107,45110,47320,01,陈家祠,113.240959,23.12836353
2017-03-21,01,0108,55376,58086,01,西门口,113.250617,23.12788609
2017-03-21,01,0109,48135,53215,01,公园前,113.2588787,23.12809791
2017-03-21,01,0110,40741,41721,01,农讲所,113.2700246,23.12927798
2017-03-21,01,0111,61738,64331,01,烈士陵园,113.2804187,23.12927213
2017-03-21,01,0112,23688,23818,01,东山口,113.2904216,23.12675593
2017-03-21,01,0113,27573,26265,01,杨箕,113.3022,23.13
2017-03-21,01,0114,37408,48156,01,体育西路,113.3160915,23.13371546
2017-03-21,01,0115,42669,40853,01,体育中心,113.3229,23.1374
2017-03-21,01,0116,54256,59638,01,广州东站,113.3188729,23.1526276
2017-03-21,02,0209,49982,52515,02,江南西,113.26856770000002,23.09993807
2017-03-21,02,0210,38649,38382,02,市二宫,113.2645337,23.10862136
2017-03-21,02,0211,31990,31281,02,海珠广场,113.2605354,23.11763929
2017-03-21,02,0212,39189,39597,02,公园前,113.2588787,23.12809791
2017-03-21,02,0213,32277,32333,02,纪念堂,113.2580449,23.1347179
2017-03-21,02,0214,33273,29467,02,越秀公园,113.2559729,23.14287446
2017-03-21,02,0215,77755,62167,02,广州火车站,113.2513,23.1506
2017-03-21,02,0216,66597,64913,02,三元里,113.2519034,23.16189573
2017-03-21,02,0217,23871,26976,02,飞翔公园,113.2583007,23.17152768
2017-03-21,02,0218,26858,28929,02,白云公园,113.2655406,23.18432686
2017-03-21,02,0219,23093,22982,02,白云文化广场,113.2702236,23.19250837
2017-03-21,02,0220,7670,7122,02,萧岗,113.2750124,23.20097454
2017-03-21,02,0221,43840,42062,02,江夏,113.2778492,23.21386515
2017-03-21,02,0222,26097,25321,02,黄边,113.2819165,23.22444291
2017-03-21,02,0223,66350,65876,02,嘉禾望岗,113.2833199,23.24010754
2017-03-21,02,0241,48586,50417,02,昌岗,113.2715211,23.093296
2017-03-21,02,0242,31748,30673,02,江泰路,113.2752156,23.08473473
2017-03-21,02,0243,47377,47071,02,东晓南,113.2890197,23.0738509
2017-03-21,02,0244,20533,18614,02,南洲,113.2925227,23.06638859
2017-03-21,02,0245,30739,30695,02,洛溪,113.2933813,23.04579646
2017-03-21,02,0246,26425,25769,02,南浦,113.2881871,23.03644511
2017-03-21,02,0247,11576,11293,02,会江,113.281239,23.01550866
2017-03-21,02,0248,3426,3070,02,石壁,113.2730486,22.99679692
2017-03-21,02,0249,63753,45303,02,广州南站,113.2650446,22.991757
2017-03-21,03,0303,84908,79750,03,体育西路,113.3160915,23.13371546
2017-03-21,03,0304,68418,74571,03,珠江新城,113.315753,23.12200624
2017-03-21,03,0305,25058,23116,03,广州塔,113.317833,23.1088155
2017-03-21,03,0306,718,877,03,客村,113.31516299999998,23.09890909
2017-03-21,03,0307,23441,21209,03,大塘,113.3162596,23.08048641
2017-03-21,03,0308,11606,11583,03,沥滘,113.3150408,23.05753607
2017-03-21,03,0309,36550,36747,03,厦滘,113.315329,23.04014744
2017-03-21,03,0310,52996,54853,03,大石,113.3161695,23.02036278
2017-03-21,03,0311,21308,23821,03,汉溪长隆,113.3248269,22.99624861
2017-03-21,03,0312,61407,64662,03,市桥,113.3563709,22.95222853
2017-03-21,03,0313,41969,39265,03,番禺广场,113.3798282,22.93817521
2017-03-21,03,0314,47006,43797,03,天河客运站,113.3383371,23.17333592
2017-03-21,03,0315,32160,28194,03,五山,113.3464249,23.15511594
2017-03-21,03,0316,41766,44711,03,华师,113.3398417,23.14314816
2017-03-21,03,0317,63749,64011,03,岗顶,113.3341467,23.13744553
2017-03-21,03,0318,49255,51411,03,石牌桥,113.3262187,23.13586963
2017-03-21,04,0405,33088,27381,04,黄村,113.4016,23.1343
2017-03-21,04,0406,39294,38722,04,车陂,113.389941,23.12691761
2017-03-21,04,0408,31294,30252,04,万胜围,113.3792297,23.10024333
2017-03-21,04,0409,3778,3887,04,官洲,113.3712321,23.06950299
2017-03-21,04,0410,21459,21310,04,大学城北,113.3799456,23.06080148
2017-03-21,04,0411,4114,12753,04,大学城南,113.3950252,23.04591521
2017-03-21,04,0412,9767,9669,04,新造,113.4101024,23.03086726
2017-03-21,04,0413,12921,13016,04,石碁,113.4598044,22.95992618
2017-03-21,04,0414,8834,8979,04,海傍,113.4700577,22.94206827
2017-03-21,04,0415,1476,1521,04,低涌,113.4794358,22.92242385
2017-03-21,04,0416,2716,2852,04,东涌,113.4736184,22.888258800000006
2017-03-21,04,0417,2490,2379,04,黄阁汽车城,113.504386,22.83876504
2017-03-21,04,0418,2613,2699,04,黄阁,113.5135275,22.82749739
2017-03-21,04,0419,4411,4981,04,蕉门,113.5223711,22.80342943
2017-03-21,04,0420,10505,9877,04,金洲,113.5338894,22.7951926
2017-03-21,05,0501,46996,38297,05,滘口,113.2030443,23.11634106
2017-03-21,05,0502,15588,21015,05,坦尾,113.2128218,23.12809281
2017-03-21,05,0503,21268,20783,05,中山八,113.2275902,23.12817317
2017-03-21,05,0504,21179,20860,05,西场,113.2327144,23.13999428
2017-03-21,05,0505,42099,42685,05,西村,113.2366171,23.14483745
2017-03-21,05,0506,16936,33216,05,广州火车站,113.2513,23.1506
2017-03-21,05,0507,41157,39638,05,小北,113.2711772,23.14209786
2017-03-21,05,0508,35720,36461,05,淘金,113.28136770000002,23.13903619
2017-03-21,05,0509,28274,28201,05,区庄,113.2916,23.1371
2017-03-21,05,0510,23561,25608,05,动物园,113.3019371,23.137213
2017-03-21,05,0511,21025,21234,05,杨箕,113.3022,23.13
2017-03-21,05,0512,44438,44840,05,五羊邨,113.308896,23.12246477
2017-03-21,05,0513,48384,50456,05,珠江新城,113.315753,23.12200624
2017-03-21,05,0514,36394,35646,05,猎德,113.3272,23.1208
2017-03-21,05,0515,33051,33047,05,潭村,113.3405542,23.11994416
2017-03-21,05,0516,35894,36182,05,员村,113.3587735,23.11795767
2017-03-21,05,0517,23121,22477,05,科韵路,113.3719842,23.12165489
2017-03-21,05,0518,33410,35060,05,车陂南,113.3846659,23.11816509
2017-03-21,05,0519,19047,18324,05,东圃,113.3961251,23.11191208
2017-03-21,05,0520,20454,18106,05,三溪,113.4103332,23.10651611
2017-03-21,05,0521,10792,10762,05,鱼珠,113.4267348,23.102656
2017-03-21,05,0522,24843,28256,05,大沙地,113.44054540000002,23.10565659
2017-03-21,05,0523,16601,15017,05,大沙东,113.4528342,23.10886127
2017-03-21,05,0524,25003,22588,05,文冲,113.463532,23.1063885
2017-03-21,06,0601,22785,21038,06,浔峰岗,113.1963502,23.1668945
2017-03-21,06,0602,24245,22906,06,横沙,113.2013831,23.16071418
2017-03-21,06,0603,29528,29271,06,沙贝,113.2060375,23.1548356
2017-03-21,06,0604,8718,8938,06,河沙,113.2121757,23.13781691
2017-03-21,06,0605,2361,1413,06,坦尾,113.2128218,23.12809281
2017-03-21,06,0606,9625,9290,06,如意坊,113.2263371,23.11768885
2017-03-21,06,0607,10378,8883,06,黄沙,113.2351077,23.11257959
2017-03-21,06,0608,40092,40846,06,文化公园,113.2443853,23.11182598
2017-03-21,06,0609,27624,27131,06,一德路,113.2519172,23.11565257
2017-03-21,06,0610,11186,14971,06,海珠广场,113.2605354,23.11763929
2017-03-21,06,0611,21639,23048,06,北京路,113.2647242,23.12131745
2017-03-21,06,0612,16520,16387,06,团一大广场,113.2728,23.1209
2017-03-21,06,0613,18127,17904,06,东湖,113.2841,23.1173
2017-03-21,06,0614,22356,21133,06,东山口,113.2904216,23.12675593
2017-03-21,06,0615,10321,10291,06,区庄,113.2916,23.1371
2017-03-21,06,0616,14519,14716,06,黄花岗,113.2935,23.1431
2017-03-21,06,0617,23370,22918,06,沙河顶,113.3073,23.1547
2017-03-21,06,0619,16600,15010,06,天平架,113.3154,23.1621
2017-03-21,06,0621,16955,16000,06,天河客运站,113.3383371,23.17333592
2017-03-21,06,0622,23389,24740,06,长湴,113.3438612,23.18102554
2017-03-21,06,0624,9725,11579,06,龙洞,113.3721728,23.19366261
2017-03-21,06,0626,6064,6124,06,高塘石,113.4048325,23.19345103
2017-03-21,06,0627,6254,5988,06,黄陂,113.4275764,23.19082975
2017-03-21,06,0628,4624,4418,06,金峰,113.4457471,23.1836009
2017-03-21,06,0629,4747,4770,06,暹岗,113.4546987,23.17504507
2017-03-21,06,0630,3829,3790,06,苏元,113.462526,23.17323404
2017-03-21,06,0631,3104,3225,06,萝岗,113.4754,23.1783
2017-03-21,06,0632,11212,10808,06,香雪,113.4956577,23.17514172
2017-03-21,07,0701,14203,29125,07,广州南站,113.2650446,22.991757
2017-03-21,07,0702,627,632,07,石壁,113.2730486,22.99679692
2017-03-21,07,0703,564,543,07,谢村,113.2909966,22.99323963
2017-03-21,07,0704,5195,5470,07,钟村,113.310987,22.98893148
2017-03-21,07,0705,14708,12224,07,汉溪长隆,113.3248269,22.99624861
2017-03-21,07,0706,4017,4995,07,南村万博,113.3424945,23.00730586
2017-03-21,07,0707,12261,11424,07,员岗,113.3606127,23.01856073
2017-03-21,07,0708,6404,6363,07,板桥,113.38246,23.01926542
2017-03-21,07,0709,12661,5116,07,大学城南,113.3950252,23.04591521
2017-03-21,08,0814,16626,15455,08,凤凰新村,113.2508935,23.09711462
2017-03-21,08,0815,34439,33800,08,沙园,113.2551646,23.09121698
2017-03-21,08,0816,23208,22039,08,宝岗大道,113.2644157,23.08858677
2017-03-21,08,0818,19450,19039,08,晓港,113.2765179,23.09568688
2017-03-21,08,0819,41348,43134,08,中大,113.2877463,23.09470733
2017-03-21,08,0820,38547,37700,08,鹭江,113.30286979999998,23.09797551
2017-03-21,08,0821,66838,69541,08,客村,113.31516299999998,23.09890909
2017-03-21,08,0822,22590,22613,08,赤岗,113.329549,23.09902391
2017-03-21,08,0823,9534,8782,08,磨碟沙,113.3360071,23.10121359
2017-03-21,08,0824,8895,9103,08,新港东,113.3516716,23.10123984
2017-03-21,08,0825,28910,27897,08,琶洲,113.3611591,23.10109873
2017-03-21,30,3002,27916,31585,30,林和西,113.3183951,23.14396082
2017-03-21,30,3002,27916,31585,30,机场南,113.2975308,23.38877545
2017-03-21,30,3004,52611,52941,30,人和,113.2906185,23.33790206
2017-03-21,30,3005,44754,44966,30,龙归,113.295516,23.29139726
2017-03-21,30,3006,15956,12186,30,白云大道北,113.293227,23.22481081
2017-03-21,30,3007,33039,34940,30,永泰,113.3010106,23.22283683
2017-03-21,30,3008,47487,47080,30,同和,113.3207376,23.19986405
2017-03-21,30,3009,33362,35519,30,京溪南方医院,113.32067109999998,23.18782166
2017-03-21,30,3010,20102,21090,30,梅花园,113.3149773,23.17802926
2017-03-21,30,3011,33643,31205,30,燕塘,113.3220558,23.16278585
2017-03-21,30,30A1,24917,19666,,,,
2017-03-21,30,30A2,40828,43060,,,,
2017-03-21,60,6001,13286,12266,60,魁奇路,113.1031632,22.9967333
2017-03-21,60,6002,7881,7872,60,季华园,113.1030685,23.00969972
2017-03-21,60,6003,8743,8546,60,同济路,113.1028655,23.02158567
2017-03-21,60,6004,18887,19598,60,祖庙,113.1067684,23.02961751
2017-03-21,60,6005,7768,8113,60,普君北路,113.1173043,23.03018908
2017-03-21,60,6006,6262,5854,60,朝安,113.1282543,23.03018154
2017-03-21,60,6007,10624,10508,60,桂城,113.135886,23.03412609
2017-03-21,60,6008,13229,13482,60,南桂路,113.1486308,23.03657213
2017-03-21,60,6009,6850,6864,60,虫雷岗,113.1499246,23.0455823
2017-03-21,60,6010,13160,14316,60,千灯湖,113.1501136,23.05760446
2017-03-21,60,6011,10666,11232,60,金融高新区,113.153,23.0686
2017-03-21,60,6012,9215,8295,60,龙溪,113.1872985,23.06858529
2017-03-21,60,6013,7159,6855,60,菊树,113.207274,23.06892291
2017-03-21,60,6014,6772,5876,60,西朗,113.226701,23.06795116
2017-03-21,60,6015,6722,6488,60,鹤洞,113.234424,23.07499125
2017-03-21,60,6016,8883,8333,60,沙涌,113.2417236,23.08608123
2017-03-21,60,6018,13406,12903,60,燕岗,113.2653237,23.07921094
2017-03-21,60,6022,2246,2255,60,澜石,113.10175259999998,22.98685526
2017-03-21,60,6023,3231,3093,60,世纪莲,113.1089525,22.967765
2017-03-21,60,6024,1315,1280,60,东平,113.12371170000002,22.96788704
2017-03-21,60,6025,1453,1516,60,新城东,113.135,22.9615
2017-03-21,68,6801,7505,7505,68,林和西,113.3183951,23.14396082
2017-03-21,68,6802,1252,1252,68,体育中心南,113.3185,23.1367
2017-03-21,68,6803,1677,1677,68,天河南,113.3187444,23.1339214
2017-03-21,68,6804,5691,5691,68,黄埔大道,113.3189654,23.12951359
2017-03-21,68,6805,2761,2761,68,妇儿中心,113.319263,23.1251104
2017-03-21,68,6806,3964,3964,68,花城大道,113.3192,23.121
2017-03-21,68,6807,2894,2894,68,大剧院,113.3192915,23.11817878
2017-03-21,68,6808,1954,1954,68,海心沙,113.3189302,23.11412185
2017-03-21,68,6809,8909,8909,68,广州塔,113.317833,23.1088155
2017-03-22,01,0101,22549,22452,01,西朗,113.226701,23.06795116
2017-03-22,01,0102,29105,29341,01,坑口,113.2271025,23.08159164
2017-03-22,01,0103,21217,18263,01,花地湾,113.2287117,23.089772
2017-03-22,01,0104,43788,43981,01,芳村,113.2303265,23.1012303
2017-03-22,01,0105,24405,26291,01,黄沙,113.2351077,23.11257959
2017-03-22,01,0106,44054,45723,01,长寿路,113.2367513,23.12092096
2017-03-22,01,0107,43816,46536,01,陈家祠,113.240959,23.12836353
2017-03-22,01,0108,54431,56183,01,西门口,113.250617,23.12788609
2017-03-22,01,0109,45016,49156,01,公园前,113.2588787,23.12809791
2017-03-22,01,0110,40558,41785,01,农讲所,113.2700246,23.12927798
2017-03-22,01,0111,59928,62064,01,烈士陵园,113.2804187,23.12927213
2017-03-22,01,0112,23536,23758,01,东山口,113.2904216,23.12675593
2017-03-22,01,0113,26649,25533,01,杨箕,113.3022,23.13
2017-03-22,01,0114,34287,44016,01,体育西路,113.3160915,23.13371546
2017-03-22,01,0115,42572,40333,01,体育中心,113.3229,23.1374
2017-03-22,01,0116,52471,56918,01,广州东站,113.3188729,23.1526276
2017-03-22,02,0209,48357,51023,02,江南西,113.26856770000002,23.09993807
2017-03-22,02,0210,37764,37983,02,市二宫,113.2645337,23.10862136
2017-03-22,02,0211,30069,29176,02,海珠广场,113.2605354,23.11763929
2017-03-22,02,0212,36286,37021,02,公园前,113.2588787,23.12809791
2017-03-22,02,0213,32059,32133,02,纪念堂,113.2580449,23.1347179
2017-03-22,02,0214,30735,28485,02,越秀公园,113.2559729,23.14287446
2017-03-22,02,0215,73625,57950,02,广州火车站,113.2513,23.1506
2017-03-22,02,0216,61852,61605,02,三元里,113.2519034,23.16189573
2017-03-22,02,0217,21675,24975,02,飞翔公园,113.2583007,23.17152768
2017-03-22,02,0218,24520,26336,02,白云公园,113.2655406,23.18432686
2017-03-22,02,0219,22278,21993,02,白云文化广场,113.2702236,23.19250837
2017-03-22,02,0220,6859,6117,02,萧岗,113.2750124,23.20097454
2017-03-22,02,0221,41716,32361,02,江夏,113.2778492,23.21386515
2017-03-22,02,0222,24387,24267,02,黄边,113.2819165,23.22444291
2017-03-22,02,0223,61500,61367,02,嘉禾望岗,113.2833199,23.24010754
2017-03-22,02,0241,46351,47194,02,昌岗,113.2715211,23.093296
2017-03-22,02,0242,30180,30134,02,江泰路,113.2752156,23.08473473
2017-03-22,02,0243,44375,44813,02,东晓南,113.2890197,23.0738509
2017-03-22,02,0244,18979,17829,02,南洲,113.2925227,23.06638859
2017-03-22,02,0245,28887,28985,02,洛溪,113.2933813,23.04579646
2017-03-22,02,0246,24758,24228,02,南浦,113.2881871,23.03644511
2017-03-22,02,0247,10813,10597,02,会江,113.281239,23.01550866
2017-03-22,02,0248,3111,3006,02,石壁,113.2730486,22.99679692
2017-03-22,02,0249,60803,43492,02,广州南站,113.2650446,22.991757
2017-03-22,03,0303,82291,77369,03,体育西路,113.3160915,23.13371546
2017-03-22,03,0304,64401,68662,03,珠江新城,113.315753,23.12200624
2017-03-22,03,0305,19122,17486,03,广州塔,113.317833,23.1088155
2017-03-22,03,0306,932,849,03,客村,113.31516299999998,23.09890909
2017-03-22,03,0307,19087,16960,03,大塘,113.3162596,23.08048641
2017-03-22,03,0308,10503,10618,03,沥滘,113.3150408,23.05753607
2017-03-22,03,0309,33709,34262,03,厦滘,113.315329,23.04014744
2017-03-22,03,0310,49068,51556,03,大石,113.3161695,23.02036278
2017-03-22,03,0311,19337,21898,03,汉溪长隆,113.3248269,22.99624861
2017-03-22,03,0312,56694,59721,03,市桥,113.3563709,22.95222853
2017-03-22,03,0313,38586,35706,03,番禺广场,113.3798282,22.93817521
2017-03-22,03,0314,44818,41402,03,天河客运站,113.3383371,23.17333592
2017-03-22,03,0315,29333,25252,03,五山,113.3464249,23.15511594
2017-03-22,03,0316,41621,43943,03,华师,113.3398417,23.14314816
2017-03-22,03,0317,62207,62138,03,岗顶,113.3341467,23.13744553
2017-03-22,03,0318,50129,51502,03,石牌桥,113.3262187,23.13586963
2017-03-22,04,0405,31357,25406,04,黄村,113.4016,23.1343
2017-03-22,04,0406,37323,37993,04,车陂,113.389941,23.12691761
2017-03-22,04,0408,28611,27639,04,万胜围,113.3792297,23.10024333
2017-03-22,04,0409,3057,3119,04,官洲,113.3712321,23.06950299
2017-03-22,04,0410,19265,19411,04,大学城北,113.3799456,23.06080148
2017-03-22,04,0411,3538,11477,04,大学城南,113.3950252,23.04591521
2017-03-22,04,0412,9200,9273,04,新造,113.4101024,23.03086726
2017-03-22,04,0413,11626,11779,04,石碁,113.4598044,22.95992618
2017-03-22,04,0414,8285,8351,04,海傍,113.4700577,22.94206827
2017-03-22,04,0415,1105,1156,04,低涌,113.4794358,22.92242385
2017-03-22,04,0416,2493,2530,04,东涌,113.4736184,22.888258800000006
2017-03-22,04,0417,2403,2269,04,黄阁汽车城,113.504386,22.83876504
2017-03-22,04,0418,2405,2614,04,黄阁,113.5135275,22.82749739
2017-03-22,04,0419,4039,4560,04,蕉门,113.5223711,22.80342943
2017-03-22,04,0420,9490,9155,04,金洲,113.5338894,22.7951926
2017-03-22,05,0501,44131,35431,05,滘口,113.2030443,23.11634106
2017-03-22,05,0502,14653,20025,05,坦尾,113.2128218,23.12809281
2017-03-22,05,0503,20400,19816,05,中山八,113.2275902,23.12817317
2017-03-22,05,0504,20155,20313,05,西场,113.2327144,23.13999428
2017-03-22,05,0505,41320,42916,05,西村,113.2366171,23.14483745
2017-03-22,05,0506,16119,31454,05,广州火车站,113.2513,23.1506
2017-03-22,05,0507,40225,38839,05,小北,113.2711772,23.14209786
2017-03-22,05,0508,34845,34956,05,淘金,113.28136770000002,23.13903619
2017-03-22,05,0509,27482,27281,05,区庄,113.2916,23.1371
2017-03-22,05,0510,22581,24917,05,动物园,113.3019371,23.137213
2017-03-22,05,0511,20740,21066,05,杨箕,113.3022,23.13
2017-03-22,05,0512,45311,45013,05,五羊邨,113.308896,23.12246477
2017-03-22,05,0513,46325,47161,05,珠江新城,113.315753,23.12200624
2017-03-22,05,0514,35075,34569,05,猎德,113.3272,23.1208
2017-03-22,05,0515,31894,32080,05,潭村,113.3405542,23.11994416
2017-03-22,05,0516,34104,35557,05,员村,113.3587735,23.11795767
2017-03-22,05,0517,22496,21977,05,科韵路,113.3719842,23.12165489
2017-03-22,05,0518,31977,33659,05,车陂南,113.3846659,23.11816509
2017-03-22,05,0519,18109,17558,05,东圃,113.3961251,23.11191208
2017-03-22,05,0520,19645,17511,05,三溪,113.4103332,23.10651611
2017-03-22,05,0521,10120,10309,05,鱼珠,113.4267348,23.102656
2017-03-22,05,0522,23790,27115,05,大沙地,113.44054540000002,23.10565659
2017-03-22,05,0523,16030,14588,05,大沙东,113.4528342,23.10886127
2017-03-22,05,0524,23561,21470,05,文冲,113.463532,23.1063885
2017-03-22,06,0601,21796,19711,06,浔峰岗,113.1963502,23.1668945
2017-03-22,06,0602,23676,22346,06,横沙,113.2013831,23.16071418
2017-03-22,06,0603,28221,28328,06,沙贝,113.2060375,23.1548356
2017-03-22,06,0604,8152,8463,06,河沙,113.2121757,23.13781691
2017-03-22,06,0605,2377,1358,06,坦尾,113.2128218,23.12809281
2017-03-22,06,0606,9450,9163,06,如意坊,113.2263371,23.11768885
2017-03-22,06,0607,8868,7868,06,黄沙,113.2351077,23.11257959
2017-03-22,06,0608,37088,37975,06,文化公园,113.2443853,23.11182598
2017-03-22,06,0609,27254,26142,06,一德路,113.2519172,23.11565257
2017-03-22,06,0610,10887,14132,06,海珠广场,113.2605354,23.11763929
2017-03-22,06,0611,19800,20637,06,北京路,113.2647242,23.12131745
2017-03-22,06,0612,16514,16514,06,团一大广场,113.2728,23.1209
2017-03-22,06,0613,17330,17103,06,东湖,113.2841,23.1173
2017-03-22,06,0614,21892,20920,06,东山口,113.2904216,23.12675593
2017-03-22,06,0615,10717,10458,06,区庄,113.2916,23.1371
2017-03-22,06,0616,14191,14972,06,黄花岗,113.2935,23.1431
2017-03-22,06,0617,21995,21570,06,沙河顶,113.3073,23.1547
2017-03-22,06,0619,15661,14472,06,天平架,113.3154,23.1621
2017-03-22,06,0621,16411,15543,06,天河客运站,113.3383371,23.17333592
2017-03-22,06,0622,22013,23442,06,长湴,113.3438612,23.18102554
2017-03-22,06,0624,8437,10224,06,龙洞,113.3721728,23.19366261
2017-03-22,06,0626,5692,5913,06,高塘石,113.4048325,23.19345103
2017-03-22,06,0627,5793,5466,06,黄陂,113.4275764,23.19082975
2017-03-22,06,0628,4271,4057,06,金峰,113.4457471,23.1836009
2017-03-22,06,0629,4481,4499,06,暹岗,113.4546987,23.17504507
2017-03-22,06,0630,3505,3493,06,苏元,113.462526,23.17323404
2017-03-22,06,0631,2799,2993,06,萝岗,113.4754,23.1783
2017-03-22,06,0632,10494,9860,06,香雪,113.4956577,23.17514172
2017-03-22,07,0701,13783,26856,07,广州南站,113.2650446,22.991757
2017-03-22,07,0702,636,610,07,石壁,113.2730486,22.99679692
2017-03-22,07,0703,507,494,07,谢村,113.2909966,22.99323963
2017-03-22,07,0704,4917,5007,07,钟村,113.310987,22.98893148
2017-03-22,07,0705,13962,11503,07,汉溪长隆,113.3248269,22.99624861
2017-03-22,07,0706,3559,4368,07,南村万博,113.3424945,23.00730586
2017-03-22,07,0707,11142,10566,07,员岗,113.3606127,23.01856073
2017-03-22,07,0708,5603,5721,07,板桥,113.38246,23.01926542
2017-03-22,07,0709,11837,4503,07,大学城南,113.3950252,23.04591521
2017-03-22,08,0814,15704,14923,08,凤凰新村,113.2508935,23.09711462
2017-03-22,08,0815,32561,32170,08,沙园,113.2551646,23.09121698
2017-03-22,08,0816,22712,21750,08,宝岗大道,113.2644157,23.08858677
2017-03-22,08,0818,18990,18609,08,晓港,113.2765179,23.09568688
2017-03-22,08,0819,39701,40602,08,中大,113.2877463,23.09470733
2017-03-22,08,0820,36024,35817,08,鹭江,113.30286979999998,23.09797551
2017-03-22,08,0821,61465,64695,08,客村,113.31516299999998,23.09890909
2017-03-22,08,0822,20525,20896,08,赤岗,113.329549,23.09902391
2017-03-22,08,0823,9094,8424,08,磨碟沙,113.3360071,23.10121359
2017-03-22,08,0824,4987,5440,08,新港东,113.3516716,23.10123984
2017-03-22,08,0825,20930,19803,08,琶洲,113.3611591,23.10109873
2017-03-22,30,3002,26954,31159,30,林和西,113.3183951,23.14396082
2017-03-22,30,3002,26954,31159,30,机场南,113.2975308,23.38877545
2017-03-22,30,3004,48561,48989,30,人和,113.2906185,23.33790206
2017-03-22,30,3005,42164,42629,30,龙归,113.295516,23.29139726
2017-03-22,30,3006,15315,11692,30,白云大道北,113.293227,23.22481081
2017-03-22,30,3007,31453,33365,30,永泰,113.3010106,23.22283683
2017-03-22,30,3008,44447,45067,30,同和,113.3207376,23.19986405
2017-03-22,30,3009,31350,33181,30,京溪南方医院,113.32067109999998,23.18782166
2017-03-22,30,3010,18737,20034,30,梅花园,113.3149773,23.17802926
2017-03-22,30,3011,31339,29476,30,燕塘,113.3220558,23.16278585
2017-03-22,30,30A1,23978,18453,,,,
2017-03-22,30,30A2,40487,41967,,,,
2017-03-22,60,6001,11686,10866,60,魁奇路,113.1031632,22.9967333
2017-03-22,60,6002,7467,7467,60,季华园,113.1030685,23.00969972
2017-03-22,60,6003,8223,8055,60,同济路,113.1028655,23.02158567
2017-03-22,60,6004,17230,17805,60,祖庙,113.1067684,23.02961751
2017-03-22,60,6005,7287,7527,60,普君北路,113.1173043,23.03018908
2017-03-22,60,6006,5740,5509,60,朝安,113.1282543,23.03018154
2017-03-22,60,6007,9800,9774,60,桂城,113.135886,23.03412609
2017-03-22,60,6008,12396,12551,60,南桂路,113.1486308,23.03657213
2017-03-22,60,6009,6332,6336,60,虫雷岗,113.1499246,23.0455823
2017-03-22,60,6010,12308,13147,60,千灯湖,113.1501136,23.05760446
2017-03-22,60,6011,10041,10419,60,金融高新区,113.153,23.0686
2017-03-22,60,6012,8750,7771,60,龙溪,113.1872985,23.06858529
2017-03-22,60,6013,6628,6457,60,菊树,113.207274,23.06892291
2017-03-22,60,6014,6278,5670,60,西朗,113.226701,23.06795116
2017-03-22,60,6015,6484,6257,60,鹤洞,113.234424,23.07499125
2017-03-22,60,6016,8448,8000,60,沙涌,113.2417236,23.08608123
2017-03-22,60,6018,12880,12682,60,燕岗,113.2653237,23.07921094
2017-03-22,60,6022,1986,1855,60,澜石,113.10175259999998,22.98685526
2017-03-22,60,6023,2778,2641,60,世纪莲,113.1089525,22.967765
2017-03-22,60,6024,1153,1202,60,东平,113.12371170000002,22.96788704
2017-03-22,60,6025,1332,1272,60,新城东,113.135,22.9615
2017-03-22,68,6801,6768,6768,68,林和西,113.3183951,23.14396082
2017-03-22,68,6802,1158,1158,68,体育中心南,113.3185,23.1367
2017-03-22,68,6803,1401,1401,68,天河南,113.3187444,23.1339214
2017-03-22,68,6804,6509,6509,68,黄埔大道,113.3189654,23.12951359
2017-03-22,68,6805,2760,2760,68,妇儿中心,113.319263,23.1251104
2017-03-22,68,6806,3766,3766,68,花城大道,113.3192,23.121
2017-03-22,68,6807,1857,1857,68,大剧院,113.3192915,23.11817878
2017-03-22,68,6808,815,815,68,海心沙,113.3189302,23.11412185
2017-03-22,68,6809,7343,7343,68,广州塔,113.317833,23.1088155
2017-03-23,01,0101,23167,22937,01,西朗,113.226701,23.06795116
2017-03-23,01,0102,29991,30356,01,坑口,113.2271025,23.08159164
2017-03-23,01,0103,22440,19644,01,花地湾,113.2287117,23.089772
2017-03-23,01,0104,46221,46373,01,芳村,113.2303265,23.1012303
2017-03-23,01,0105,24530,27230,01,黄沙,113.2351077,23.11257959
2017-03-23,01,0106,48620,50516,01,长寿路,113.2367513,23.12092096
2017-03-23,01,0107,45106,46774,01,陈家祠,113.240959,23.12836353
2017-03-23,01,0108,54972,57457,01,西门口,113.250617,23.12788609
2017-03-23,01,0109,46937,52431,01,公园前,113.2588787,23.12809791
2017-03-23,01,0110,41114,41925,01,农讲所,113.2700246,23.12927798
2017-03-23,01,0111,59764,62006,01,烈士陵园,113.2804187,23.12927213
2017-03-23,01,0112,23790,23925,01,东山口,113.2904216,23.12675593
2017-03-23,01,0113,27471,26073,01,杨箕,113.3022,23.13
2017-03-23,01,0114,37033,47877,01,体育西路,113.3160915,23.13371546
2017-03-23,01,0115,42777,41155,01,体育中心,113.3229,23.1374
2017-03-23,01,0116,53573,59037,01,广州东站,113.3188729,23.1526276
2017-03-23,02,0209,50028,52258,02,江南西,113.26856770000002,23.09993807
2017-03-23,02,0210,38629,38405,02,市二宫,113.2645337,23.10862136
2017-03-23,02,0211,31414,30820,02,海珠广场,113.2605354,23.11763929
2017-03-23,02,0212,39179,39434,02,公园前,113.2588787,23.12809791
2017-03-23,02,0213,31715,31871,02,纪念堂,113.2580449,23.1347179
2017-03-23,02,0214,32289,29721,02,越秀公园,113.2559729,23.14287446
2017-03-23,02,0215,75779,60189,02,广州火车站,113.2513,23.1506
2017-03-23,02,0216,65791,63645,02,三元里,113.2519034,23.16189573
2017-03-23,02,0217,23761,26797,02,飞翔公园,113.2583007,23.17152768
2017-03-23,02,0218,27000,28706,02,白云公园,113.2655406,23.18432686
2017-03-23,02,0219,23757,22969,02,白云文化广场,113.2702236,23.19250837
2017-03-23,02,0220,7428,6680,02,萧岗,113.2750124,23.20097454
2017-03-23,02,0221,43748,43812,02,江夏,113.2778492,23.21386515
2017-03-23,02,0222,25787,25001,02,黄边,113.2819165,23.22444291
2017-03-23,02,0223,65068,64291,02,嘉禾望岗,113.2833199,23.24010754
2017-03-23,02,0241,46870,48480,02,昌岗,113.2715211,23.093296
2017-03-23,02,0242,31187,30702,02,江泰路,113.2752156,23.08473473
2017-03-23,02,0243,46901,46401,02,东晓南,113.2890197,23.0738509
2017-03-23,02,0244,19930,18353,02,南洲,113.2925227,23.06638859
2017-03-23,02,0245,30183,30069,02,洛溪,113.2933813,23.04579646
2017-03-23,02,0246,25804,25232,02,南浦,113.2881871,23.03644511
2017-03-23,02,0247,11685,11199,02,会江,113.281239,23.01550866
2017-03-23,02,0248,3323,3207,02,石壁,113.2730486,22.99679692
2017-03-23,02,0249,61021,43920,02,广州南站,113.2650446,22.991757
2017-03-23,03,0303,85672,80762,03,体育西路,113.3160915,23.13371546
2017-03-23,03,0304,67754,73878,03,珠江新城,113.315753,23.12200624
2017-03-23,03,0305,24781,23170,03,广州塔,113.317833,23.1088155
2017-03-23,03,0306,751,888,03,客村,113.31516299999998,23.09890909
2017-03-23,03,0307,21459,19443,03,大塘,113.3162596,23.08048641
2017-03-23,03,0308,11384,11444,03,沥滘,113.3150408,23.05753607
2017-03-23,03,0309,35449,35699,03,厦滘,113.315329,23.04014744
2017-03-23,03,0310,52276,54482,03,大石,113.3161695,23.02036278
2017-03-23,03,0311,20785,23358,03,汉溪长隆,113.3248269,22.99624861
2017-03-23,03,0312,60098,63009,03,市桥,113.3563709,22.95222853
2017-03-23,03,0313,40358,38059,03,番禺广场,113.3798282,22.93817521
2017-03-23,03,0314,47730,43575,03,天河客运站,113.3383371,23.17333592
2017-03-23,03,0315,32430,27881,03,五山,113.3464249,23.15511594
2017-03-23,03,0316,42924,45268,03,华师,113.3398417,23.14314816
2017-03-23,03,0317,64198,64426,03,岗顶,113.3341467,23.13744553
2017-03-23,03,0318,50453,52563,03,石牌桥,113.3262187,23.13586963
2017-03-23,04,0405,32420,26564,04,黄村,113.4016,23.1343
2017-03-23,04,0406,39126,38509,04,车陂,113.389941,23.12691761
2017-03-23,04,0408,30684,29853,04,万胜围,113.3792297,23.10024333
2017-03-23,04,0409,3347,3349,04,官洲,113.3712321,23.06950299
2017-03-23,04,0410,22557,21825,04,大学城北,113.3799456,23.06080148
2017-03-23,04,0411,4412,12893,04,大学城南,113.3950252,23.04591521
2017-03-23,04,0412,9952,9649,04,新造,113.4101024,23.03086726
2017-03-23,04,0413,12582,12657,04,石碁,113.4598044,22.95992618
2017-03-23,04,0414,8659,8763,04,海傍,113.4700577,22.94206827
2017-03-23,04,0415,1103,1133,04,低涌,113.4794358,22.92242385
2017-03-23,04,0416,2631,2740,04,东涌,113.4736184,22.888258800000006
2017-03-23,04,0417,2565,2370,04,黄阁汽车城,113.504386,22.83876504
2017-03-23,04,0418,2497,2676,04,黄阁,113.5135275,22.82749739
2017-03-23,04,0419,4195,4673,04,蕉门,113.5223711,22.80342943
2017-03-23,04,0420,9933,9464,04,金洲,113.5338894,22.7951926
2017-03-23,05,0501,45015,37645,05,滘口,113.2030443,23.11634106
2017-03-23,05,0502,15231,20237,05,坦尾,113.2128218,23.12809281
2017-03-23,05,0503,20643,20487,05,中山八,113.2275902,23.12817317
2017-03-23,05,0504,20953,20292,05,西场,113.2327144,23.13999428
2017-03-23,05,0505,41508,42224,05,西村,113.2366171,23.14483745
2017-03-23,05,0506,16553,33299,05,广州火车站,113.2513,23.1506
2017-03-23,05,0507,41155,39141,05,小北,113.2711772,23.14209786
2017-03-23,05,0508,35850,35928,05,淘金,113.28136770000002,23.13903619
2017-03-23,05,0509,28194,28366,05,区庄,113.2916,23.1371
2017-03-23,05,0510,23866,25472,05,动物园,113.3019371,23.137213
2017-03-23,05,0511,21706,21829,05,杨箕,113.3022,23.13
2017-03-23,05,0512,44309,44673,05,五羊邨,113.308896,23.12246477
2017-03-23,05,0513,47777,49632,05,珠江新城,113.315753,23.12200624
2017-03-23,05,0514,36117,35770,05,猎德,113.3272,23.1208
2017-03-23,05,0515,32989,33121,05,潭村,113.3405542,23.11994416
2017-03-23,05,0516,35912,36275,05,员村,113.3587735,23.11795767
2017-03-23,05,0517,23159,22348,05,科韵路,113.3719842,23.12165489
2017-03-23,05,0518,33164,34693,05,车陂南,113.3846659,23.11816509
2017-03-23,05,0519,18845,17833,05,东圃,113.3961251,23.11191208
2017-03-23,05,0520,20132,17873,05,三溪,113.4103332,23.10651611
2017-03-23,05,0521,10623,10669,05,鱼珠,113.4267348,23.102656
2017-03-23,05,0522,24721,28225,05,大沙地,113.44054540000002,23.10565659
2017-03-23,05,0523,16331,14837,05,大沙东,113.4528342,23.10886127
2017-03-23,05,0524,24945,22299,05,文冲,113.463532,23.1063885
2017-03-23,06,0601,22383,20003,06,浔峰岗,113.1963502,23.1668945
2017-03-23,06,0602,23941,22546,06,横沙,113.2013831,23.16071418
2017-03-23,06,0603,28995,29008,06,沙贝,113.2060375,23.1548356
2017-03-23,06,0604,8552,8847,06,河沙,113.2121757,23.13781691
2017-03-23,06,0605,2330,1366,06,坦尾,113.2128218,23.12809281
2017-03-23,06,0606,9883,9329,06,如意坊,113.2263371,23.11768885
2017-03-23,06,0607,10446,8937,06,黄沙,113.2351077,23.11257959
2017-03-23,06,0608,39716,40359,06,文化公园,113.2443853,23.11182598
2017-03-23,06,0609,27528,26923,06,一德路,113.2519172,23.11565257
2017-03-23,06,0610,11127,14823,06,海珠广场,113.2605354,23.11763929
2017-03-23,06,0611,21630,22548,06,北京路,113.2647242,23.12131745
2017-03-23,06,0612,16586,16618,06,团一大广场,113.2728,23.1209
2017-03-23,06,0613,17607,17523,06,东湖,113.2841,23.1173
2017-03-23,06,0614,23293,21980,06,东山口,113.2904216,23.12675593
2017-03-23,06,0615,10696,10492,06,区庄,113.2916,23.1371
2017-03-23,06,0616,14650,14987,06,黄花岗,113.2935,23.1431
2017-03-23,06,0617,22487,22368,06,沙河顶,113.3073,23.1547
2017-03-23,06,0619,16474,14889,06,天平架,113.3154,23.1621
2017-03-23,06,0621,16269,16446,06,天河客运站,113.3383371,23.17333592
2017-03-23,06,0622,23177,24113,06,长湴,113.3438612,23.18102554
2017-03-23,06,0624,9844,11635,06,龙洞,113.3721728,23.19366261
2017-03-23,06,0626,6174,6052,06,高塘石,113.4048325,23.19345103
2017-03-23,06,0627,6167,5800,06,黄陂,113.4275764,23.19082975
2017-03-23,06,0628,4363,4204,06,金峰,113.4457471,23.1836009
2017-03-23,06,0629,4849,4630,06,暹岗,113.4546987,23.17504507
2017-03-23,06,0630,3841,3727,06,苏元,113.462526,23.17323404
2017-03-23,06,0631,2971,3051,06,萝岗,113.4754,23.1783
2017-03-23,06,0632,10945,10306,06,香雪,113.4956577,23.17514172
2017-03-23,07,0701,14500,29256,07,广州南站,113.2650446,22.991757
2017-03-23,07,0702,646,606,07,石壁,113.2730486,22.99679692
2017-03-23,07,0703,584,633,07,谢村,113.2909966,22.99323963
2017-03-23,07,0704,5216,5321,07,钟村,113.310987,22.98893148
2017-03-23,07,0705,14933,12815,07,汉溪长隆,113.3248269,22.99624861
2017-03-23,07,0706,3977,4804,07,南村万博,113.3424945,23.00730586
2017-03-23,07,0707,11648,11028,07,员岗,113.3606127,23.01856073
2017-03-23,07,0708,5834,5975,07,板桥,113.38246,23.01926542
2017-03-23,07,0709,13838,5040,07,大学城南,113.3950252,23.04591521
2017-03-23,08,0814,16099,14925,08,凤凰新村,113.2508935,23.09711462
2017-03-23,08,0815,33325,33011,08,沙园,113.2551646,23.09121698
2017-03-23,08,0816,22831,21725,08,宝岗大道,113.2644157,23.08858677
2017-03-23,08,0818,19269,18618,08,晓港,113.2765179,23.09568688
2017-03-23,08,0819,41269,42782,08,中大,113.2877463,23.09470733
2017-03-23,08,0820,38352,37579,08,鹭江,113.30286979999998,23.09797551
2017-03-23,08,0821,65033,68121,08,客村,113.31516299999998,23.09890909
2017-03-23,08,0822,21427,21986,08,赤岗,113.329549,23.09902391
2017-03-23,08,0823,9183,8295,08,磨碟沙,113.3360071,23.10121359
2017-03-23,08,0824,5149,5625,08,新港东,113.3516716,23.10123984
2017-03-23,08,0825,22680,21416,08,琶洲,113.3611591,23.10109873
2017-03-23,30,3002,29854,31267,30,林和西,113.3183951,23.14396082
2017-03-23,30,3002,29854,31267,30,机场南,113.2975308,23.38877545
2017-03-23,30,3004,52390,52206,30,人和,113.2906185,23.33790206
2017-03-23,30,3005,44264,44430,30,龙归,113.295516,23.29139726
2017-03-23,30,3006,15845,12150,30,白云大道北,113.293227,23.22481081
2017-03-23,30,3007,33323,34490,30,永泰,113.3010106,23.22283683
2017-03-23,30,3008,46680,46759,30,同和,113.3207376,23.19986405
2017-03-23,30,3009,33313,35088,30,京溪南方医院,113.32067109999998,23.18782166
2017-03-23,30,3010,19945,20934,30,梅花园,113.3149773,23.17802926
2017-03-23,30,3011,33151,31039,30,燕塘,113.3220558,23.16278585
2017-03-23,30,30A1,25225,19712,,,,
2017-03-23,30,30A2,41054,43775,,,,
2017-03-23,60,6001,12190,11411,60,魁奇路,113.1031632,22.9967333
2017-03-23,60,6002,7725,7709,60,季华园,113.1030685,23.00969972
2017-03-23,60,6003,8647,8339,60,同济路,113.1028655,23.02158567
2017-03-23,60,6004,17869,18844,60,祖庙,113.1067684,23.02961751
2017-03-23,60,6005,7547,7697,60,普君北路,113.1173043,23.03018908
2017-03-23,60,6006,5900,5746,60,朝安,113.1282543,23.03018154
2017-03-23,60,6007,10429,10097,60,桂城,113.135886,23.03412609
2017-03-23,60,6008,12779,13266,60,南桂路,113.1486308,23.03657213
2017-03-23,60,6009,6800,6770,60,虫雷岗,113.1499246,23.0455823
2017-03-23,60,6010,12746,13831,60,千灯湖,113.1501136,23.05760446
2017-03-23,60,6011,10174,10772,60,金融高新区,113.153,23.0686
2017-03-23,60,6012,9133,8098,60,龙溪,113.1872985,23.06858529
2017-03-23,60,6013,7202,6923,60,菊树,113.207274,23.06892291
2017-03-23,60,6014,6449,5692,60,西朗,113.226701,23.06795116
2017-03-23,60,6015,6638,6322,60,鹤洞,113.234424,23.07499125
2017-03-23,60,6016,8645,8233,60,沙涌,113.2417236,23.08608123
2017-03-23,60,6018,13138,12597,60,燕岗,113.2653237,23.07921094
2017-03-23,60,6022,2103,2047,60,澜石,113.10175259999998,22.98685526
2017-03-23,60,6023,2874,2853,60,世纪莲,113.1089525,22.967765
2017-03-23,60,6024,1089,1118,60,东平,113.12371170000002,22.96788704
2017-03-23,60,6025,1332,1387,60,新城东,113.135,22.9615
2017-03-23,68,6801,7629,7629,68,林和西,113.3183951,23.14396082
2017-03-23,68,6802,1351,1351,68,体育中心南,113.3185,23.1367
2017-03-23,68,6803,1663,1663,68,天河南,113.3187444,23.1339214
2017-03-23,68,6804,5935,5935,68,黄埔大道,113.3189654,23.12951359
2017-03-23,68,6805,2635,2635,68,妇儿中心,113.319263,23.1251104
2017-03-23,68,6806,4038,4038,68,花城大道,113.3192,23.121
2017-03-23,68,6807,2985,2985,68,大剧院,113.3192915,23.11817878
2017-03-23,68,6808,2022,2022,68,海心沙,113.3189302,23.11412185
2017-03-23,68,6809,8818,8818,68,广州塔,113.317833,23.1088155
2017-03-24,01,0101,25504,25587,01,西朗,113.226701,23.06795116
2017-03-24,01,0102,34736,35308,01,坑口,113.2271025,23.08159164
2017-03-24,01,0103,24018,21352,01,花地湾,113.2287117,23.089772
2017-03-24,01,0104,49844,50402,01,芳村,113.2303265,23.1012303
2017-03-24,01,0105,29291,33230,01,黄沙,113.2351077,23.11257959
2017-03-24,01,0106,52960,56187,01,长寿路,113.2367513,23.12092096
2017-03-24,01,0107,49502,51689,01,陈家祠,113.240959,23.12836353
2017-03-24,01,0108,58657,60276,01,西门口,113.250617,23.12788609
2017-03-24,01,0109,52494,58831,01,公园前,113.2588787,23.12809791
2017-03-24,01,0110,43046,44233,01,农讲所,113.2700246,23.12927798
2017-03-24,01,0111,64078,66175,01,烈士陵园,113.2804187,23.12927213
2017-03-24,01,0112,25344,25415,01,东山口,113.2904216,23.12675593
2017-03-24,01,0113,29148,27452,01,杨箕,113.3022,23.13
2017-03-24,01,0114,42534,53346,01,体育西路,113.3160915,23.13371546
2017-03-24,01,0115,48757,45509,01,体育中心,113.3229,23.1374
2017-03-24,01,0116,62884,70144,01,广州东站,113.3188729,23.1526276
2017-03-24,02,0209,55434,60062,02,江南西,113.26856770000002,23.09993807
2017-03-24,02,0210,41199,40375,02,市二宫,113.2645337,23.10862136
2017-03-24,02,0211,33224,32479,02,海珠广场,113.2605354,23.11763929
2017-03-24,02,0212,44229,44220,02,公园前,113.2588787,23.12809791
2017-03-24,02,0213,34488,33186,02,纪念堂,113.2580449,23.1347179
2017-03-24,02,0214,39101,35626,02,越秀公园,113.2559729,23.14287446
2017-03-24,02,0215,84396,68395,02,广州火车站,113.2513,23.1506
2017-03-24,02,0216,70272,69328,02,三元里,113.2519034,23.16189573
2017-03-24,02,0217,26275,30411,02,飞翔公园,113.2583007,23.17152768
2017-03-24,02,0218,30678,33082,02,白云公园,113.2655406,23.18432686
2017-03-24,02,0219,25058,25053,02,白云文化广场,113.2702236,23.19250837
2017-03-24,02,0220,8425,7467,02,萧岗,113.2750124,23.20097454
2017-03-24,02,0221,45402,46451,02,江夏,113.2778492,23.21386515
2017-03-24,02,0222,28168,27502,02,黄边,113.2819165,23.22444291
2017-03-24,02,0223,74896,67536,02,嘉禾望岗,113.2833199,23.24010754
2017-03-24,02,0241,49776,51860,02,昌岗,113.2715211,23.093296
2017-03-24,02,0242,33152,32798,02,江泰路,113.2752156,23.08473473
2017-03-24,02,0243,49838,50420,02,东晓南,113.2890197,23.0738509
2017-03-24,02,0244,21145,20235,02,南洲,113.2925227,23.06638859
2017-03-24,02,0245,32031,32730,02,洛溪,113.2933813,23.04579646
2017-03-24,02,0246,26864,26991,02,南浦,113.2881871,23.03644511
2017-03-24,02,0247,11696,11474,02,会江,113.281239,23.01550866
2017-03-24,02,0248,3541,3362,02,石壁,113.2730486,22.99679692
2017-03-24,02,0249,73973,56138,02,广州南站,113.2650446,22.991757
2017-03-24,03,0303,93770,89801,03,体育西路,113.3160915,23.13371546
2017-03-24,03,0304,69950,78518,03,珠江新城,113.315753,23.12200624
2017-03-24,03,0305,29075,26763,03,广州塔,113.317833,23.1088155
2017-03-24,03,0306,947,1047,03,客村,113.31516299999998,23.09890909
2017-03-24,03,0307,23932,21675,03,大塘,113.3162596,23.08048641
2017-03-24,03,0308,12214,12438,03,沥滘,113.3150408,23.05753607
2017-03-24,03,0309,37326,37828,03,厦滘,113.315329,23.04014744
2017-03-24,03,0310,54891,57383,03,大石,113.3161695,23.02036278
2017-03-24,03,0311,22773,26242,03,汉溪长隆,113.3248269,22.99624861
2017-03-24,03,0312,64367,70688,03,市桥,113.3563709,22.95222853
2017-03-24,03,0313,44318,43381,03,番禺广场,113.3798282,22.93817521
2017-03-24,03,0314,58375,57758,03,天河客运站,113.3383371,23.17333592
2017-03-24,03,0315,41144,33355,03,五山,113.3464249,23.15511594
2017-03-24,03,0316,47635,49462,03,华师,113.3398417,23.14314816
2017-03-24,03,0317,71329,70723,03,岗顶,113.3341467,23.13744553
2017-03-24,03,0318,54187,57024,03,石牌桥,113.3262187,23.13586963
2017-03-24,04,0405,40936,31408,04,黄村,113.4016,23.1343
2017-03-24,04,0406,42568,42214,04,车陂,113.389941,23.12691761
2017-03-24,04,0408,33949,33211,04,万胜围,113.3792297,23.10024333
2017-03-24,04,0409,3884,3968,04,官洲,113.3712321,23.06950299
2017-03-24,04,0410,31002,26424,04,大学城北,113.3799456,23.06080148
2017-03-24,04,0411,5771,14895,04,大学城南,113.3950252,23.04591521
2017-03-24,04,0412,13785,11667,04,新造,113.4101024,23.03086726
2017-03-24,04,0413,14883,14790,04,石碁,113.4598044,22.95992618
2017-03-24,04,0414,9457,9726,04,海傍,113.4700577,22.94206827
2017-03-24,04,0415,1409,1447,04,低涌,113.4794358,22.92242385
2017-03-24,04,0416,2794,3233,04,东涌,113.4736184,22.888258800000006
2017-03-24,04,0417,3048,2835,04,黄阁汽车城,113.504386,22.83876504
2017-03-24,04,0418,3070,3373,04,黄阁,113.5135275,22.82749739
2017-03-24,04,0419,5193,6219,04,蕉门,113.5223711,22.80342943
2017-03-24,04,0420,12816,12463,04,金洲,113.5338894,22.7951926
2017-03-24,05,0501,49249,44816,05,滘口,113.2030443,23.11634106
2017-03-24,05,0502,16462,22214,05,坦尾,113.2128218,23.12809281
2017-03-24,05,0503,22110,22294,05,中山八,113.2275902,23.12817317
2017-03-24,05,0504,23625,22779,05,西场,113.2327144,23.13999428
2017-03-24,05,0505,46081,45872,05,西村,113.2366171,23.14483745
2017-03-24,05,0506,18748,41619,05,广州火车站,113.2513,23.1506
2017-03-24,05,0507,44258,42361,05,小北,113.2711772,23.14209786
2017-03-24,05,0508,38488,39098,05,淘金,113.28136770000002,23.13903619
2017-03-24,05,0509,30404,29013,05,区庄,113.2916,23.1371
2017-03-24,05,0510,25674,27876,05,动物园,113.3019371,23.137213
2017-03-24,05,0511,23284,22720,05,杨箕,113.3022,23.13
2017-03-24,05,0512,46506,46586,05,五羊邨,113.308896,23.12246477
2017-03-24,05,0513,51008,52228,05,珠江新城,113.315753,23.12200624
2017-03-24,05,0514,38228,38318,05,猎德,113.3272,23.1208
2017-03-24,05,0515,34864,34711,05,潭村,113.3405542,23.11994416
2017-03-24,05,0516,37704,38686,05,员村,113.3587735,23.11795767
2017-03-24,05,0517,24584,23570,05,科韵路,113.3719842,23.12165489
2017-03-24,05,0518,35596,37120,05,车陂南,113.3846659,23.11816509
2017-03-24,05,0519,19633,19054,05,东圃,113.3961251,23.11191208
2017-03-24,05,0520,21238,18932,05,三溪,113.4103332,23.10651611
2017-03-24,05,0521,11647,11672,05,鱼珠,113.4267348,23.102656
2017-03-24,05,0522,27792,31554,05,大沙地,113.44054540000002,23.10565659
2017-03-24,05,0523,17682,16031,05,大沙东,113.4528342,23.10886127
2017-03-24,05,0524,29136,24878,05,文冲,113.463532,23.1063885
2017-03-24,06,0601,24605,22013,06,浔峰岗,113.1963502,23.1668945
2017-03-24,06,0602,24812,24082,06,横沙,113.2013831,23.16071418
2017-03-24,06,0603,31497,31676,06,沙贝,113.2060375,23.1548356
2017-03-24,06,0604,11161,9759,06,河沙,113.2121757,23.13781691
2017-03-24,06,0605,2497,1523,06,坦尾,113.2128218,23.12809281
2017-03-24,06,0606,10131,9724,06,如意坊,113.2263371,23.11768885
2017-03-24,06,0607,11896,10041,06,黄沙,113.2351077,23.11257959
2017-03-24,06,0608,41549,42427,06,文化公园,113.2443853,23.11182598
2017-03-24,06,0609,28297,27543,06,一德路,113.2519172,23.11565257
2017-03-24,06,0610,12001,16285,06,海珠广场,113.2605354,23.11763929
2017-03-24,06,0611,24512,26595,06,北京路,113.2647242,23.12131745
2017-03-24,06,0612,17419,17794,06,团一大广场,113.2728,23.1209
2017-03-24,06,0613,19590,19232,06,东湖,113.2841,23.1173
2017-03-24,06,0614,25183,23289,06,东山口,113.2904216,23.12675593
2017-03-24,06,0615,11101,10516,06,区庄,113.2916,23.1371
2017-03-24,06,0616,15846,16182,06,黄花岗,113.2935,23.1431
2017-03-24,06,0617,24706,24114,06,沙河顶,113.3073,23.1547
2017-03-24,06,0619,18099,16540,06,天平架,113.3154,23.1621
2017-03-24,06,0621,18555,18097,06,天河客运站,113.3383371,23.17333592
2017-03-24,06,0622,33337,27656,06,长湴,113.3438612,23.18102554
2017-03-24,06,0624,13891,14534,06,龙洞,113.3721728,23.19366261
2017-03-24,06,0626,7045,6454,06,高塘石,113.4048325,23.19345103
2017-03-24,06,0627,7710,7005,06,黄陂,113.4275764,23.19082975
2017-03-24,06,0628,5059,4620,06,金峰,113.4457471,23.1836009
2017-03-24,06,0629,5565,4915,06,暹岗,113.4546987,23.17504507
2017-03-24,06,0630,5292,4247,06,苏元,113.462526,23.17323404
2017-03-24,06,0631,3378,3458,06,萝岗,113.4754,23.1783
2017-03-24,06,0632,13427,12213,06,香雪,113.4956577,23.17514172
2017-03-24,07,0701,19855,40625,07,广州南站,113.2650446,22.991757
2017-03-24,07,0702,747,768,07,石壁,113.2730486,22.99679692
2017-03-24,07,0703,567,593,07,谢村,113.2909966,22.99323963
2017-03-24,07,0704,5688,6082,07,钟村,113.310987,22.98893148
2017-03-24,07,0705,16971,14256,07,汉溪长隆,113.3248269,22.99624861
2017-03-24,07,0706,4441,5407,07,南村万博,113.3424945,23.00730586
2017-03-24,07,0707,12470,12138,07,员岗,113.3606127,23.01856073
2017-03-24,07,0708,6362,6831,07,板桥,113.38246,23.01926542
2017-03-24,07,0709,18407,5779,07,大学城南,113.3950252,23.04591521
2017-03-24,08,0814,16950,15998,08,凤凰新村,113.2508935,23.09711462
2017-03-24,08,0815,36719,36361,08,沙园,113.2551646,23.09121698
2017-03-24,08,0816,24384,22937,08,宝岗大道,113.2644157,23.08858677
2017-03-24,08,0818,20648,19923,08,晓港,113.2765179,23.09568688
2017-03-24,08,0819,43752,45579,08,中大,113.2877463,23.09470733
2017-03-24,08,0820,43269,41429,08,鹭江,113.30286979999998,23.09797551
2017-03-24,08,0821,73530,76444,08,客村,113.31516299999998,23.09890909
2017-03-24,08,0822,25368,25232,08,赤岗,113.329549,23.09902391
2017-03-24,08,0823,11993,9918,08,磨碟沙,113.3360071,23.10121359
2017-03-24,08,0824,8434,8334,08,新港东,113.3516716,23.10123984
2017-03-24,08,0825,26956,25305,08,琶洲,113.3611591,23.10109873
2017-03-24,30,3002,32155,32846,30,林和西,113.3183951,23.14396082
2017-03-24,30,3002,32155,32846,30,机场南,113.2975308,23.38877545
2017-03-24,30,3004,64750,63758,30,人和,113.2906185,23.33790206
2017-03-24,30,3005,49530,49250,30,龙归,113.295516,23.29139726
2017-03-24,30,3006,16987,13774,30,白云大道北,113.293227,23.22481081
2017-03-24,30,3007,35615,37122,30,永泰,113.3010106,23.22283683
2017-03-24,30,3008,55756,52646,30,同和,113.3207376,23.19986405
2017-03-24,30,3009,35420,38021,30,京溪南方医院,113.32067109999998,23.18782166
2017-03-24,30,3010,22075,23777,30,梅花园,113.3149773,23.17802926
2017-03-24,30,3011,37953,34910,30,燕塘,113.3220558,23.16278585
2017-03-24,30,30A1,30754,23925,,,,
2017-03-24,30,30A2,43250,46251,,,,
2017-03-24,60,6001,13331,14242,60,魁奇路,113.1031632,22.9967333
2017-03-24,60,6002,8301,8845,60,季华园,113.1030685,23.00969972
2017-03-24,60,6003,9457,9559,60,同济路,113.1028655,23.02158567
2017-03-24,60,6004,21131,23377,60,祖庙,113.1067684,23.02961751
2017-03-24,60,6005,8367,9378,60,普君北路,113.1173043,23.03018908
2017-03-24,60,6006,6117,6370,60,朝安,113.1282543,23.03018154
2017-03-24,60,6007,11724,11945,60,桂城,113.135886,23.03412609
2017-03-24,60,6008,14311,15656,60,南桂路,113.1486308,23.03657213
2017-03-24,60,6009,7462,7784,60,虫雷岗,113.1499246,23.0455823
2017-03-24,60,6010,13751,15416,60,千灯湖,113.1501136,23.05760446
2017-03-24,60,6011,11094,12701,60,金融高新区,113.153,23.0686
2017-03-24,60,6012,10097,8750,60,龙溪,113.1872985,23.06858529
2017-03-24,60,6013,7371,6999,60,菊树,113.207274,23.06892291
2017-03-24,60,6014,7092,6159,60,西朗,113.226701,23.06795116
2017-03-24,60,6015,7333,6735,60,鹤洞,113.234424,23.07499125
2017-03-24,60,6016,10321,8596,60,沙涌,113.2417236,23.08608123
2017-03-24,60,6018,14373,13670,60,燕岗,113.2653237,23.07921094
2017-03-24,60,6022,2306,2273,60,澜石,113.10175259999998,22.98685526
2017-03-24,60,6023,3161,3428,60,世纪莲,113.1089525,22.967765
2017-03-24,60,6024,1313,1269,60,东平,113.12371170000002,22.96788704
2017-03-24,60,6025,1425,1460,60,新城东,113.135,22.9615
2017-03-24,68,6801,8504,8504,68,林和西,113.3183951,23.14396082
2017-03-24,68,6802,1558,1558,68,体育中心南,113.3185,23.1367
2017-03-24,68,6803,2437,2437,68,天河南,113.3187444,23.1339214
2017-03-24,68,6804,6236,6236,68,黄埔大道,113.3189654,23.12951359
2017-03-24,68,6805,2660,2660,68,妇儿中心,113.319263,23.1251104
2017-03-24,68,6806,5090,5090,68,花城大道,113.3192,23.121
2017-03-24,68,6807,3454,3454,68,大剧院,113.3192915,23.11817878
2017-03-24,68,6808,2709,2709,68,海心沙,113.3189302,23.11412185
2017-03-24,68,6809,9916,9916,68,广州塔,113.317833,23.1088155
2017-03-25,01,0101,23166,23400,01,西朗,113.226701,23.06795116
2017-03-25,01,0102,29720,29846,01,坑口,113.2271025,23.08159164
2017-03-25,01,0103,22778,20978,01,花地湾,113.2287117,23.089772
2017-03-25,01,0104,43356,43213,01,芳村,113.2303265,23.1012303
2017-03-25,01,0105,33131,36524,01,黄沙,113.2351077,23.11257959
2017-03-25,01,0106,57317,60525,01,长寿路,113.2367513,23.12092096
2017-03-25,01,0107,46327,47089,01,陈家祠,113.240959,23.12836353
2017-03-25,01,0108,47838,48590,01,西门口,113.250617,23.12788609
2017-03-25,01,0109,54942,61875,01,公园前,113.2588787,23.12809791
2017-03-25,01,0110,37661,38067,01,农讲所,113.2700246,23.12927798
2017-03-25,01,0111,53034,54730,01,烈士陵园,113.2804187,23.12927213
2017-03-25,01,0112,18576,19152,01,东山口,113.2904216,23.12675593
2017-03-25,01,0113,20244,19182,01,杨箕,113.3022,23.13
2017-03-25,01,0114,47706,66964,01,体育西路,113.3160915,23.13371546
2017-03-25,01,0115,45873,40980,01,体育中心,113.3229,23.1374
2017-03-25,01,0116,61506,65015,01,广州东站,113.3188729,23.1526276
2017-03-25,02,0209,57453,60570,02,江南西,113.26856770000002,23.09993807
2017-03-25,02,0210,37524,37298,02,市二宫,113.2645337,23.10862136
2017-03-25,02,0211,26923,26182,02,海珠广场,113.2605354,23.11763929
2017-03-25,02,0212,46284,43970,02,公园前,113.2588787,23.12809791
2017-03-25,02,0213,24918,23524,02,纪念堂,113.2580449,23.1347179
2017-03-25,02,0214,29845,27642,02,越秀公园,113.2559729,23.14287446
2017-03-25,02,0215,82997,63394,02,广州火车站,113.2513,23.1506
2017-03-25,02,0216,63583,63424,02,三元里,113.2519034,23.16189573
2017-03-25,02,0217,23752,27894,02,飞翔公园,113.2583007,23.17152768
2017-03-25,02,0218,29923,32333,02,白云公园,113.2655406,23.18432686
2017-03-25,02,0219,22542,22482,02,白云文化广场,113.2702236,23.19250837
2017-03-25,02,0220,8137,7566,02,萧岗,113.2750124,23.20097454
2017-03-25,02,0221,41490,42319,02,江夏,113.2778492,23.21386515
2017-03-25,02,0222,24984,24596,02,黄边,113.2819165,23.22444291
2017-03-25,02,0223,67313,66660,02,嘉禾望岗,113.2833199,23.24010754
2017-03-25,02,0241,44361,45748,02,昌岗,113.2715211,23.093296
2017-03-25,02,0242,29292,29230,02,江泰路,113.2752156,23.08473473
2017-03-25,02,0243,44722,45154,02,东晓南,113.2890197,23.0738509
2017-03-25,02,0244,18243,17272,02,南洲,113.2925227,23.06638859
2017-03-25,02,0245,27505,27884,02,洛溪,113.2933813,23.04579646
2017-03-25,02,0246,23033,22659,02,南浦,113.2881871,23.03644511
2017-03-25,02,0247,9461,9087,02,会江,113.281239,23.01550866
2017-03-25,02,0248,3040,2925,02,石壁,113.2730486,22.99679692
2017-03-25,02,0249,77498,53581,02,广州南站,113.2650446,22.991757
2017-03-25,03,0303,97587,89840,03,体育西路,113.3160915,23.13371546
2017-03-25,03,0304,52544,56713,03,珠江新城,113.315753,23.12200624
2017-03-25,03,0305,31195,29965,03,广州塔,113.317833,23.1088155
2017-03-25,03,0306,719,1360,03,客村,113.31516299999998,23.09890909
2017-03-25,03,0307,20053,19314,03,大塘,113.3162596,23.08048641
2017-03-25,03,0308,10363,10761,03,沥滘,113.3150408,23.05753607
2017-03-25,03,0309,33131,32710,03,厦滘,113.315329,23.04014744
2017-03-25,03,0310,48991,51319,03,大石,113.3161695,23.02036278
2017-03-25,03,0311,19976,23369,03,汉溪长隆,113.3248269,22.99624861
2017-03-25,03,0312,62130,64099,03,市桥,113.3563709,22.95222853
2017-03-25,03,0313,39420,37124,03,番禺广场,113.3798282,22.93817521
2017-03-25,03,0314,60474,57375,03,天河客运站,113.3383371,23.17333592
2017-03-25,03,0315,46772,41770,03,五山,113.3464249,23.15511594
2017-03-25,03,0316,38273,40638,03,华师,113.3398417,23.14314816
2017-03-25,03,0317,71747,70874,03,岗顶,113.3341467,23.13744553
2017-03-25,03,0318,46366,45533,03,石牌桥,113.3262187,23.13586963
2017-03-25,04,0405,36217,29465,04,黄村,113.4016,23.1343
2017-03-25,04,0406,40743,40532,04,车陂,113.389941,23.12691761
2017-03-25,04,0408,31355,30799,04,万胜围,113.3792297,23.10024333
2017-03-25,04,0409,2792,2876,04,官洲,113.3712321,23.06950299
2017-03-25,04,0410,46155,53678,04,大学城北,113.3799456,23.06080148
2017-03-25,04,0411,8347,24175,04,大学城南,113.3950252,23.04591521
2017-03-25,04,0412,12371,12171,04,新造,113.4101024,23.03086726
2017-03-25,04,0413,14119,14481,04,石碁,113.4598044,22.95992618
2017-03-25,04,0414,8286,8257,04,海傍,113.4700577,22.94206827
2017-03-25,04,0415,1545,1601,04,低涌,113.4794358,22.92242385
2017-03-25,04,0416,2925,3073,04,东涌,113.4736184,22.888258800000006
2017-03-25,04,0417,3065,2678,04,黄阁汽车城,113.504386,22.83876504
2017-03-25,04,0418,3088,3232,04,黄阁,113.5135275,22.82749739
2017-03-25,04,0419,4633,5589,04,蕉门,113.5223711,22.80342943
2017-03-25,04,0420,13241,12510,04,金洲,113.5338894,22.7951926
2017-03-25,05,0501,45499,40748,05,滘口,113.2030443,23.11634106
2017-03-25,05,0502,14157,18909,05,坦尾,113.2128218,23.12809281
2017-03-25,05,0503,19976,19635,05,中山八,113.2275902,23.12817317
2017-03-25,05,0504,19532,19037,05,西场,113.2327144,23.13999428
2017-03-25,05,0505,38904,39186,05,西村,113.2366171,23.14483745
2017-03-25,05,0506,18358,37447,05,广州火车站,113.2513,23.1506
2017-03-25,05,0507,36168,34704,05,小北,113.2711772,23.14209786
2017-03-25,05,0508,27693,28823,05,淘金,113.28136770000002,23.13903619
2017-03-25,05,0509,20388,20697,05,区庄,113.2916,23.1371
2017-03-25,05,0510,21193,22415,05,动物园,113.3019371,23.137213
2017-03-25,05,0511,17249,17836,05,杨箕,113.3022,23.13
2017-03-25,05,0512,31102,31188,05,五羊邨,113.308896,23.12246477
2017-03-25,05,0513,35885,34285,05,珠江新城,113.315753,23.12200624
2017-03-25,05,0514,31401,30909,05,猎德,113.3272,23.1208
2017-03-25,05,0515,25242,24979,05,潭村,113.3405542,23.11994416
2017-03-25,05,0516,35993,36431,05,员村,113.3587735,23.11795767
2017-03-25,05,0517,14973,15763,05,科韵路,113.3719842,23.12165489
2017-03-25,05,0518,31694,32374,05,车陂南,113.3846659,23.11816509
2017-03-25,05,0519,16159,16524,05,东圃,113.3961251,23.11191208
2017-03-25,05,0520,15464,14962,05,三溪,113.4103332,23.10651611
2017-03-25,05,0521,10159,10602,05,鱼珠,113.4267348,23.102656
2017-03-25,05,0522,27335,29983,05,大沙地,113.44054540000002,23.10565659
2017-03-25,05,0523,14576,13456,05,大沙东,113.4528342,23.10886127
2017-03-25,05,0524,27076,24184,05,文冲,113.463532,23.1063885
2017-03-25,06,0601,21460,19700,06,浔峰岗,113.1963502,23.1668945
2017-03-25,06,0602,23510,21889,06,横沙,113.2013831,23.16071418
2017-03-25,06,0603,27239,27204,06,沙贝,113.2060375,23.1548356
2017-03-25,06,0604,9810,9766,06,河沙,113.2121757,23.13781691
2017-03-25,06,0605,2283,1305,06,坦尾,113.2128218,23.12809281
2017-03-25,06,0606,7919,7479,06,如意坊,113.2263371,23.11768885
2017-03-25,06,0607,13715,11537,06,黄沙,113.2351077,23.11257959
2017-03-25,06,0608,41775,41713,06,文化公园,113.2443853,23.11182598
2017-03-25,06,0609,27667,26470,06,一德路,113.2519172,23.11565257
2017-03-25,06,0610,10434,14619,06,海珠广场,113.2605354,23.11763929
2017-03-25,06,0611,28646,31867,06,北京路,113.2647242,23.12131745
2017-03-25,06,0612,12220,12181,06,团一大广场,113.2728,23.1209
2017-03-25,06,0613,16950,17078,06,东湖,113.2841,23.1173
2017-03-25,06,0614,21629,20426,06,东山口,113.2904216,23.12675593
2017-03-25,06,0615,7668,7115,06,区庄,113.2916,23.1371
2017-03-25,06,0616,12627,12269,06,黄花岗,113.2935,23.1431
2017-03-25,06,0617,21442,20766,06,沙河顶,113.3073,23.1547
2017-03-25,06,0619,15479,14611,06,天平架,113.3154,23.1621
2017-03-25,06,0621,13519,14557,06,天河客运站,113.3383371,23.17333592
2017-03-25,06,0622,28420,26851,06,长湴,113.3438612,23.18102554
2017-03-25,06,0624,13643,17013,06,龙洞,113.3721728,23.19366261
2017-03-25,06,0626,5528,5624,06,高塘石,113.4048325,23.19345103
2017-03-25,06,0627,7504,6843,06,黄陂,113.4275764,23.19082975
2017-03-25,06,0628,3852,3388,06,金峰,113.4457471,23.1836009
2017-03-25,06,0629,4077,3787,06,暹岗,113.4546987,23.17504507
2017-03-25,06,0630,4385,4324,06,苏元,113.462526,23.17323404
2017-03-25,06,0631,2866,2800,06,萝岗,113.4754,23.1783
2017-03-25,06,0632,13721,12543,06,香雪,113.4956577,23.17514172
2017-03-25,07,0701,23077,40638,07,广州南站,113.2650446,22.991757
2017-03-25,07,0702,680,791,07,石壁,113.2730486,22.99679692
2017-03-25,07,0703,525,554,07,谢村,113.2909966,22.99323963
2017-03-25,07,0704,5443,5682,07,钟村,113.310987,22.98893148
2017-03-25,07,0705,15619,12847,07,汉溪长隆,113.3248269,22.99624861
2017-03-25,07,0706,4259,5443,07,南村万博,113.3424945,23.00730586
2017-03-25,07,0707,11582,11322,07,员岗,113.3606127,23.01856073
2017-03-25,07,0708,6048,6568,07,板桥,113.38246,23.01926542
2017-03-25,07,0709,23461,9334,07,大学城南,113.3950252,23.04591521
2017-03-25,08,0814,13484,12755,08,凤凰新村,113.2508935,23.09711462
2017-03-25,08,0815,36739,37038,08,沙园,113.2551646,23.09121698
2017-03-25,08,0816,20484,18869,08,宝岗大道,113.2644157,23.08858677
2017-03-25,08,0818,18625,17717,08,晓港,113.2765179,23.09568688
2017-03-25,08,0819,39916,41444,08,中大,113.2877463,23.09470733
2017-03-25,08,0820,41459,39388,08,鹭江,113.30286979999998,23.09797551
2017-03-25,08,0821,72777,74791,08,客村,113.31516299999998,23.09890909
2017-03-25,08,0822,22295,23167,08,赤岗,113.329549,23.09902391
2017-03-25,08,0823,9210,8148,08,磨碟沙,113.3360071,23.10121359
2017-03-25,08,0824,8163,8224,08,新港东,113.3516716,23.10123984
2017-03-25,08,0825,42264,41174,08,琶洲,113.3611591,23.10109873
2017-03-25,30,3002,30319,29708,30,林和西,113.3183951,23.14396082
2017-03-25,30,3002,30319,29708,30,机场南,113.2975308,23.38877545
2017-03-25,30,3004,63263,62720,30,人和,113.2906185,23.33790206
2017-03-25,30,3005,45661,45287,30,龙归,113.295516,23.29139726
2017-03-25,30,3006,15167,12632,30,白云大道北,113.293227,23.22481081
2017-03-25,30,3007,33981,34350,30,永泰,113.3010106,23.22283683
2017-03-25,30,3008,51050,51592,30,同和,113.3207376,23.19986405
2017-03-25,30,3009,34458,36413,30,京溪南方医院,113.32067109999998,23.18782166
2017-03-25,30,3010,22108,23170,30,梅花园,113.3149773,23.17802926
2017-03-25,30,3011,34401,32062,30,燕塘,113.3220558,23.16278585
2017-03-25,30,30A1,28154,20671,,,,
2017-03-25,30,30A2,29164,30590,,,,
2017-03-25,60,6001,14113,14657,60,魁奇路,113.1031632,22.9967333
2017-03-25,60,6002,8349,9177,60,季华园,113.1030685,23.00969972
2017-03-25,60,6003,8988,9294,60,同济路,113.1028655,23.02158567
2017-03-25,60,6004,25440,28665,60,祖庙,113.1067684,23.02961751
2017-03-25,60,6005,8282,9647,60,普君北路,113.1173043,23.03018908
2017-03-25,60,6006,6029,6309,60,朝安,113.1282543,23.03018154
2017-03-25,60,6007,11378,12835,60,桂城,113.135886,23.03412609
2017-03-25,60,6008,15692,16428,60,南桂路,113.1486308,23.03657213
2017-03-25,60,6009,7715,14097,60,虫雷岗,113.1499246,23.0455823
2017-03-25,60,6010,12681,15960,60,千灯湖,113.1501136,23.05760446
2017-03-25,60,6011,12213,13351,60,金融高新区,113.153,23.0686
2017-03-25,60,6012,8835,7370,60,龙溪,113.1872985,23.06858529
2017-03-25,60,6013,6291,5918,60,菊树,113.207274,23.06892291
2017-03-25,60,6014,6139,5551,60,西朗,113.226701,23.06795116
2017-03-25,60,6015,7998,6473,60,鹤洞,113.234424,23.07499125
2017-03-25,60,6016,9347,8469,60,沙涌,113.2417236,23.08608123
2017-03-25,60,6018,13103,12223,60,燕岗,113.2653237,23.07921094
2017-03-25,60,6022,2362,2465,60,澜石,113.10175259999998,22.98685526
2017-03-25,60,6023,23143,6220,60,世纪莲,113.1089525,22.967765
2017-03-25,60,6024,3294,1137,60,东平,113.12371170000002,22.96788704
2017-03-25,60,6025,2024,1856,60,新城东,113.135,22.9615
2017-03-25,68,6801,6423,6423,68,林和西,113.3183951,23.14396082
2017-03-25,68,6802,2128,2128,68,体育中心南,113.3185,23.1367
2017-03-25,68,6803,2958,2958,68,天河南,113.3187444,23.1339214
2017-03-25,68,6804,4233,4233,68,黄埔大道,113.3189654,23.12951359
2017-03-25,68,6805,915,915,68,妇儿中心,113.319263,23.1251104
2017-03-25,68,6806,4308,4308,68,花城大道,113.3192,23.121
2017-03-25,68,6807,5274,5274,68,大剧院,113.3192915,23.11817878
2017-03-25,68,6808,4074,4074,68,海心沙,113.3189302,23.11412185
2017-03-25,68,6809,10051,10051,68,广州塔,113.317833,23.1088155
2017-03-26,01,0101,22436,22805,01,西朗,113.226701,23.06795116
2017-03-26,01,0102,30388,31021,01,坑口,113.2271025,23.08159164
2017-03-26,01,0103,23751,21576,01,花地湾,113.2287117,23.089772
2017-03-26,01,0104,40991,40380,01,芳村,113.2303265,23.1012303
2017-03-26,01,0105,32029,35197,01,黄沙,113.2351077,23.11257959
2017-03-26,01,0106,59228,60678,01,长寿路,113.2367513,23.12092096
2017-03-26,01,0107,41758,42182,01,陈家祠,113.240959,23.12836353
2017-03-26,01,0108,42423,43625,01,西门口,113.250617,23.12788609
2017-03-26,01,0109,51910,57968,01,公园前,113.2588787,23.12809791
2017-03-26,01,0110,33032,33922,01,农讲所,113.2700246,23.12927798
2017-03-26,01,0111,46975,49674,01,烈士陵园,113.2804187,23.12927213
2017-03-26,01,0112,16677,17435,01,东山口,113.2904216,23.12675593
2017-03-26,01,0113,17435,16655,01,杨箕,113.3022,23.13
2017-03-26,01,0114,45762,62753,01,体育西路,113.3160915,23.13371546
2017-03-26,01,0115,39187,34799,01,体育中心,113.3229,23.1374
2017-03-26,01,0116,58948,69814,01,广州东站,113.3188729,23.1526276
2017-03-26,02,0209,52236,54964,02,江南西,113.26856770000002,23.09993807
2017-03-26,02,0210,33621,33574,02,市二宫,113.2645337,23.10862136
2017-03-26,02,0211,25499,24595,02,海珠广场,113.2605354,23.11763929
2017-03-26,02,0212,45733,43348,02,公园前,113.2588787,23.12809791
2017-03-26,02,0213,20568,19842,02,纪念堂,113.2580449,23.1347179
2017-03-26,02,0214,29802,27852,02,越秀公园,113.2559729,23.14287446
2017-03-26,02,0215,89809,68743,02,广州火车站,113.2513,23.1506
2017-03-26,02,0216,63440,58465,02,三元里,113.2519034,23.16189573
2017-03-26,02,0217,23399,24953,02,飞翔公园,113.2583007,23.17152768
2017-03-26,02,0218,29581,31683,02,白云公园,113.2655406,23.18432686
2017-03-26,02,0219,24539,22387,02,白云文化广场,113.2702236,23.19250837
2017-03-26,02,0220,9049,7212,02,萧岗,113.2750124,23.20097454
2017-03-26,02,0221,40094,39671,02,江夏,113.2778492,23.21386515
2017-03-26,02,0222,24170,23963,02,黄边,113.2819165,23.22444291
2017-03-26,02,0223,67387,70154,02,嘉禾望岗,113.2833199,23.24010754
2017-03-26,02,0241,39776,42767,02,昌岗,113.2715211,23.093296
2017-03-26,02,0242,27585,28402,02,江泰路,113.2752156,23.08473473
2017-03-26,02,0243,43410,42254,02,东晓南,113.2890197,23.0738509
2017-03-26,02,0244,17457,16745,02,南洲,113.2925227,23.06638859
2017-03-26,02,0245,26791,26223,02,洛溪,113.2933813,23.04579646
2017-03-26,02,0246,21576,20717,02,南浦,113.2881871,23.03644511
2017-03-26,02,0247,8582,8507,02,会江,113.281239,23.01550866
2017-03-26,02,0248,3080,2711,02,石壁,113.2730486,22.99679692
2017-03-26,02,0249,89801,59303,02,广州南站,113.2650446,22.991757
2017-03-26,03,0303,87899,81744,03,体育西路,113.3160915,23.13371546
2017-03-26,03,0304,47034,51104,03,珠江新城,113.315753,23.12200624
2017-03-26,03,0305,31201,29358,03,广州塔,113.317833,23.1088155
2017-03-26,03,0306,646,1105,03,客村,113.31516299999998,23.09890909
2017-03-26,03,0307,23692,22016,03,大塘,113.3162596,23.08048641
2017-03-26,03,0308,10515,10455,03,沥滘,113.3150408,23.05753607
2017-03-26,03,0309,31724,29479,03,厦滘,113.315329,23.04014744
2017-03-26,03,0310,48952,47483,03,大石,113.3161695,23.02036278
2017-03-26,03,0311,18927,20496,03,汉溪长隆,113.3248269,22.99624861
2017-03-26,03,0312,60972,62562,03,市桥,113.3563709,22.95222853
2017-03-26,03,0313,40341,36197,03,番禺广场,113.3798282,22.93817521
2017-03-26,03,0314,60850,61576,03,天河客运站,113.3383371,23.17333592
2017-03-26,03,0315,43749,43542,03,五山,113.3464249,23.15511594
2017-03-26,03,0316,32984,37532,03,华师,113.3398417,23.14314816
2017-03-26,03,0317,64874,63849,03,岗顶,113.3341467,23.13744553
2017-03-26,03,0318,40681,39123,03,石牌桥,113.3262187,23.13586963
2017-03-26,04,0405,33981,32304,04,黄村,113.4016,23.1343
2017-03-26,04,0406,38360,37605,04,车陂,113.389941,23.12691761
2017-03-26,04,0408,30026,28177,04,万胜围,113.3792297,23.10024333
2017-03-26,04,0409,3005,3096,04,官洲,113.3712321,23.06950299
2017-03-26,04,0410,43392,52315,04,大学城北,113.3799456,23.06080148
2017-03-26,04,0411,9090,24759,04,大学城南,113.3950252,23.04591521
2017-03-26,04,0412,11357,12709,04,新造,113.4101024,23.03086726
2017-03-26,04,0413,14582,14619,04,石碁,113.4598044,22.95992618
2017-03-26,04,0414,7699,7521,04,海傍,113.4700577,22.94206827
2017-03-26,04,0415,1472,1417,04,低涌,113.4794358,22.92242385
2017-03-26,04,0416,3201,3206,04,东涌,113.4736184,22.888258800000006
2017-03-26,04,0417,3068,2903,04,黄阁汽车城,113.504386,22.83876504
2017-03-26,04,0418,3303,3363,04,黄阁,113.5135275,22.82749739
2017-03-26,04,0419,4953,6018,04,蕉门,113.5223711,22.80342943
2017-03-26,04,0420,14073,12712,04,金洲,113.5338894,22.7951926
2017-03-26,05,0501,49831,41034,05,滘口,113.2030443,23.11634106
2017-03-26,05,0502,13752,18127,05,坦尾,113.2128218,23.12809281
2017-03-26,05,0503,18719,18044,05,中山八,113.2275902,23.12817317
2017-03-26,05,0504,18197,17698,05,西场,113.2327144,23.13999428
2017-03-26,05,0505,35982,35835,05,西村,113.2366171,23.14483745
2017-03-26,05,0506,19752,42000,05,广州火车站,113.2513,23.1506
2017-03-26,05,0507,32812,31602,05,小北,113.2711772,23.14209786
2017-03-26,05,0508,24627,24878,05,淘金,113.28136770000002,23.13903619
2017-03-26,05,0509,17388,18306,05,区庄,113.2916,23.1371
2017-03-26,05,0510,18761,19986,05,动物园,113.3019371,23.137213
2017-03-26,05,0511,15666,16893,05,杨箕,113.3022,23.13
2017-03-26,05,0512,26214,25907,05,五羊邨,113.308896,23.12246477
2017-03-26,05,0513,30646,29990,05,珠江新城,113.315753,23.12200624
2017-03-26,05,0514,28476,27913,05,猎德,113.3272,23.1208
2017-03-26,05,0515,20241,20490,05,潭村,113.3405542,23.11994416
2017-03-26,05,0516,34198,34398,05,员村,113.3587735,23.11795767
2017-03-26,05,0517,12809,12836,05,科韵路,113.3719842,23.12165489
2017-03-26,05,0518,31020,31800,05,车陂南,113.3846659,23.11816509
2017-03-26,05,0519,14651,14632,05,东圃,113.3961251,23.11191208
2017-03-26,05,0520,14342,14057,05,三溪,113.4103332,23.10651611
2017-03-26,05,0521,9701,10228,05,鱼珠,113.4267348,23.102656
2017-03-26,05,0522,26690,29950,05,大沙地,113.44054540000002,23.10565659
2017-03-26,05,0523,13332,12245,05,大沙东,113.4528342,23.10886127
2017-03-26,05,0524,25687,24293,05,文冲,113.463532,23.1063885
2017-03-26,06,0601,20969,19968,06,浔峰岗,113.1963502,23.1668945
2017-03-26,06,0602,21439,20240,06,横沙,113.2013831,23.16071418
2017-03-26,06,0603,26939,25741,06,沙贝,113.2060375,23.1548356
2017-03-26,06,0604,8839,10041,06,河沙,113.2121757,23.13781691
2017-03-26,06,0605,2159,1177,06,坦尾,113.2128218,23.12809281
2017-03-26,06,0606,7086,6528,06,如意坊,113.2263371,23.11768885
2017-03-26,06,0607,14316,11072,06,黄沙,113.2351077,23.11257959
2017-03-26,06,0608,41074,39784,06,文化公园,113.2443853,23.11182598
2017-03-26,06,0609,24762,23578,06,一德路,113.2519172,23.11565257
2017-03-26,06,0610,9654,13776,06,海珠广场,113.2605354,23.11763929
2017-03-26,06,0611,28038,29408,06,北京路,113.2647242,23.12131745
2017-03-26,06,0612,10729,10201,06,团一大广场,113.2728,23.1209
2017-03-26,06,0613,15832,15766,06,东湖,113.2841,23.1173
2017-03-26,06,0614,21450,21236,06,东山口,113.2904216,23.12675593
2017-03-26,06,0615,6475,6042,06,区庄,113.2916,23.1371
2017-03-26,06,0616,11446,10915,06,黄花岗,113.2935,23.1431
2017-03-26,06,0617,21129,19814,06,沙河顶,113.3073,23.1547
2017-03-26,06,0619,14638,12877,06,天平架,113.3154,23.1621
2017-03-26,06,0621,12038,13771,06,天河客运站,113.3383371,23.17333592
2017-03-26,06,0622,25541,30340,06,长湴,113.3438612,23.18102554
2017-03-26,06,0624,12863,16570,06,龙洞,113.3721728,23.19366261
2017-03-26,06,0626,5580,5597,06,高塘石,113.4048325,23.19345103
2017-03-26,06,0627,7396,6852,06,黄陂,113.4275764,23.19082975
2017-03-26,06,0628,3591,3280,06,金峰,113.4457471,23.1836009
2017-03-26,06,0629,3574,4010,06,暹岗,113.4546987,23.17504507
2017-03-26,06,0630,4199,5161,06,苏元,113.462526,23.17323404
2017-03-26,06,0631,2846,3334,06,萝岗,113.4754,23.1783
2017-03-26,06,0632,14057,14132,06,香雪,113.4956577,23.17514172
2017-03-26,07,0701,29173,44014,07,广州南站,113.2650446,22.991757
2017-03-26,07,0702,677,690,07,石壁,113.2730486,22.99679692
2017-03-26,07,0703,475,493,07,谢村,113.2909966,22.99323963
2017-03-26,07,0704,5565,5588,07,钟村,113.310987,22.98893148
2017-03-26,07,0705,14632,10764,07,汉溪长隆,113.3248269,22.99624861
2017-03-26,07,0706,4041,4693,07,南村万博,113.3424945,23.00730586
2017-03-26,07,0707,11510,10011,07,员岗,113.3606127,23.01856073
2017-03-26,07,0708,6729,6431,07,板桥,113.38246,23.01926542
2017-03-26,07,0709,22025,10645,07,大学城南,113.3950252,23.04591521
2017-03-26,08,0814,12006,10859,08,凤凰新村,113.2508935,23.09711462
2017-03-26,08,0815,34460,34310,08,沙园,113.2551646,23.09121698
2017-03-26,08,0816,18702,17324,08,宝岗大道,113.2644157,23.08858677
2017-03-26,08,0818,16613,15957,08,晓港,113.2765179,23.09568688
2017-03-26,08,0819,34690,38091,08,中大,113.2877463,23.09470733
2017-03-26,08,0820,38984,38200,08,鹭江,113.30286979999998,23.09797551
2017-03-26,08,0821,69867,72086,08,客村,113.31516299999998,23.09890909
2017-03-26,08,0822,21699,21693,08,赤岗,113.329549,23.09902391
2017-03-26,08,0823,7780,7567,08,磨碟沙,113.3360071,23.10121359
2017-03-26,08,0824,6361,6942,08,新港东,113.3516716,23.10123984
2017-03-26,08,0825,41217,40866,08,琶洲,113.3611591,23.10109873
2017-03-26,30,3002,30629,31427,30,林和西,113.3183951,23.14396082
2017-03-26,30,3002,30629,31427,30,机场南,113.2975308,23.38877545
2017-03-26,30,3004,65076,66697,30,人和,113.2906185,23.33790206
2017-03-26,30,3005,47173,47281,30,龙归,113.295516,23.29139726
2017-03-26,30,3006,13310,9848,30,白云大道北,113.293227,23.22481081
2017-03-26,30,3007,32087,31232,30,永泰,113.3010106,23.22283683
2017-03-26,30,3008,50399,51087,30,同和,113.3207376,23.19986405
2017-03-26,30,3009,35697,34996,30,京溪南方医院,113.32067109999998,23.18782166
2017-03-26,30,3010,20760,20274,30,梅花园,113.3149773,23.17802926
2017-03-26,30,3011,32013,31450,30,燕塘,113.3220558,23.16278585
2017-03-26,30,30A1,27176,22182,,,,
2017-03-26,30,30A2,22794,23367,,,,
2017-03-26,60,6001,14108,12010,60,魁奇路,113.1031632,22.9967333
2017-03-26,60,6002,7553,7637,60,季华园,113.1030685,23.00969972
2017-03-26,60,6003,7667,7156,60,同济路,113.1028655,23.02158567
2017-03-26,60,6004,24812,24913,60,祖庙,113.1067684,23.02961751
2017-03-26,60,6005,7968,7565,60,普君北路,113.1173043,23.03018908
2017-03-26,60,6006,6057,5290,60,朝安,113.1282543,23.03018154
2017-03-26,60,6007,10945,10255,60,桂城,113.135886,23.03412609
2017-03-26,60,6008,14003,14398,60,南桂路,113.1486308,23.03657213
2017-03-26,60,6009,7229,6739,60,虫雷岗,113.1499246,23.0455823
2017-03-26,60,6010,11938,11812,60,千灯湖,113.1501136,23.05760446
2017-03-26,60,6011,11380,11531,60,金融高新区,113.153,23.0686
2017-03-26,60,6012,8403,7177,60,龙溪,113.1872985,23.06858529
2017-03-26,60,6013,6200,5815,60,菊树,113.207274,23.06892291
2017-03-26,60,6014,5752,5146,60,西朗,113.226701,23.06795116
2017-03-26,60,6015,6461,6954,60,鹤洞,113.234424,23.07499125
2017-03-26,60,6016,7438,7640,60,沙涌,113.2417236,23.08608123
2017-03-26,60,6018,12204,11290,60,燕岗,113.2653237,23.07921094
2017-03-26,60,6022,2258,2140,60,澜石,113.10175259999998,22.98685526
2017-03-26,60,6023,4886,4522,60,世纪莲,113.1089525,22.967765
2017-03-26,60,6024,1051,982,60,东平,113.12371170000002,22.96788704
2017-03-26,60,6025,1702,1697,60,新城东,113.135,22.9615
2017-03-26,68,6801,5452,5452,68,林和西,113.3183951,23.14396082
2017-03-26,68,6802,1792,1792,68,体育中心南,113.3185,23.1367
2017-03-26,68,6803,2386,2386,68,天河南,113.3187444,23.1339214
2017-03-26,68,6804,3507,3507,68,黄埔大道,113.3189654,23.12951359
2017-03-26,68,6805,823,823,68,妇儿中心,113.319263,23.1251104
2017-03-26,68,6806,4019,4019,68,花城大道,113.3192,23.121
2017-03-26,68,6807,4916,4916,68,大剧院,113.3192915,23.11817878
2017-03-26,68,6808,4140,4140,68,海心沙,113.3189302,23.11412185
2017-03-26,68,6809,9742,9742,68,广州塔,113.317833,23.1088155
2017-03-27,01,0101,24238,24087,01,西朗,113.226701,23.06795116
2017-03-27,01,0102,32284,31849,01,坑口,113.2271025,23.08159164
2017-03-27,01,0103,23421,20222,01,花地湾,113.2287117,23.089772
2017-03-27,01,0104,47359,47391,01,芳村,113.2303265,23.1012303
2017-03-27,01,0105,24763,27361,01,黄沙,113.2351077,23.11257959
2017-03-27,01,0106,49688,52128,01,长寿路,113.2367513,23.12092096
2017-03-27,01,0107,45822,47716,01,陈家祠,113.240959,23.12836353
2017-03-27,01,0108,55806,58815,01,西门口,113.250617,23.12788609
2017-03-27,01,0109,48310,53308,01,公园前,113.2588787,23.12809791
2017-03-27,01,0110,40118,41128,01,农讲所,113.2700246,23.12927798
2017-03-27,01,0111,62398,65083,01,烈士陵园,113.2804187,23.12927213
2017-03-27,01,0112,23566,23893,01,东山口,113.2904216,23.12675593
2017-03-27,01,0113,27790,26395,01,杨箕,113.3022,23.13
2017-03-27,01,0114,34546,46137,01,体育西路,113.3160915,23.13371546
2017-03-27,01,0115,43555,41394,01,体育中心,113.3229,23.1374
2017-03-27,01,0116,55804,60424,01,广州东站,113.3188729,23.1526276
2017-03-27,02,0209,51272,53496,02,江南西,113.26856770000002,23.09993807
2017-03-27,02,0210,38590,38252,02,市二宫,113.2645337,23.10862136
2017-03-27,02,0211,32250,32126,02,海珠广场,113.2605354,23.11763929
2017-03-27,02,0212,39614,40250,02,公园前,113.2588787,23.12809791
2017-03-27,02,0213,33504,33492,02,纪念堂,113.2580449,23.1347179
2017-03-27,02,0214,35538,32694,02,越秀公园,113.2559729,23.14287446
2017-03-27,02,0215,80991,63318,02,广州火车站,113.2513,23.1506
2017-03-27,02,0216,67639,65170,02,三元里,113.2519034,23.16189573
2017-03-27,02,0217,23759,26712,02,飞翔公园,113.2583007,23.17152768
2017-03-27,02,0218,28739,30103,02,白云公园,113.2655406,23.18432686
2017-03-27,02,0219,23514,22351,02,白云文化广场,113.2702236,23.19250837
2017-03-27,02,0220,7740,6925,02,萧岗,113.2750124,23.20097454
2017-03-27,02,0221,45025,44991,02,江夏,113.2778492,23.21386515
2017-03-27,02,0222,26223,25744,02,黄边,113.2819165,23.22444291
2017-03-27,02,0223,68121,66837,02,嘉禾望岗,113.2833199,23.24010754
2017-03-27,02,0241,47946,49784,02,昌岗,113.2715211,23.093296
2017-03-27,02,0242,31918,31204,02,江泰路,113.2752156,23.08473473
2017-03-27,02,0243,48303,47775,02,东晓南,113.2890197,23.0738509
2017-03-27,02,0244,20443,19009,02,南洲,113.2925227,23.06638859
2017-03-27,02,0245,31473,30955,02,洛溪,113.2933813,23.04579646
2017-03-27,02,0246,27501,26151,02,南浦,113.2881871,23.03644511
2017-03-27,02,0247,12127,11818,02,会江,113.281239,23.01550866
2017-03-27,02,0248,3480,3253,02,石壁,113.2730486,22.99679692
2017-03-27,02,0249,68838,50434,02,广州南站,113.2650446,22.991757
2017-03-27,03,0303,86074,81437,03,体育西路,113.3160915,23.13371546
2017-03-27,03,0304,67225,74993,03,珠江新城,113.315753,23.12200624
2017-03-27,03,0305,25997,23900,03,广州塔,113.317833,23.1088155
2017-03-27,03,0306,641,951,03,客村,113.31516299999998,23.09890909
2017-03-27,03,0307,24767,22232,03,大塘,113.3162596,23.08048641
2017-03-27,03,0308,11913,11882,03,沥滘,113.3150408,23.05753607
2017-03-27,03,0309,36075,36387,03,厦滘,113.315329,23.04014744
2017-03-27,03,0310,53865,55277,03,大石,113.3161695,23.02036278
2017-03-27,03,0311,22349,24717,03,汉溪长隆,113.3248269,22.99624861
2017-03-27,03,0312,62739,65322,03,市桥,113.3563709,22.95222853
2017-03-27,03,0313,43676,39610,03,番禺广场,113.3798282,22.93817521
2017-03-27,03,0314,51359,46871,03,天河客运站,113.3383371,23.17333592
2017-03-27,03,0315,32955,29584,03,五山,113.3464249,23.15511594
2017-03-27,03,0316,42661,46147,03,华师,113.3398417,23.14314816
2017-03-27,03,0317,64885,65838,03,岗顶,113.3341467,23.13744553
2017-03-27,03,0318,49812,51855,03,石牌桥,113.3262187,23.13586963
2017-03-27,04,0405,34233,28774,04,黄村,113.4016,23.1343
2017-03-27,04,0406,40103,39772,04,车陂,113.389941,23.12691761
2017-03-27,04,0408,32115,31410,04,万胜围,113.3792297,23.10024333
2017-03-27,04,0409,3854,3924,04,官洲,113.3712321,23.06950299
2017-03-27,04,0410,23816,23053,04,大学城北,113.3799456,23.06080148
2017-03-27,04,0411,4992,13748,04,大学城南,113.3950252,23.04591521
2017-03-27,04,0412,10803,11542,04,新造,113.4101024,23.03086726
2017-03-27,04,0413,13882,14228,04,石碁,113.4598044,22.95992618
2017-03-27,04,0414,9546,9246,04,海傍,113.4700577,22.94206827
2017-03-27,04,0415,1308,1351,04,低涌,113.4794358,22.92242385
2017-03-27,04,0416,2901,2986,04,东涌,113.4736184,22.888258800000006
2017-03-27,04,0417,2562,2679,04,黄阁汽车城,113.504386,22.83876504
2017-03-27,04,0418,2733,2941,04,黄阁,113.5135275,22.82749739
2017-03-27,04,0419,4849,5493,04,蕉门,113.5223711,22.80342943
2017-03-27,04,0420,11527,11009,04,金洲,113.5338894,22.7951926
2017-03-27,05,0501,49584,40435,05,滘口,113.2030443,23.11634106
2017-03-27,05,0502,16034,21162,05,坦尾,113.2128218,23.12809281
2017-03-27,05,0503,21741,21374,05,中山八,113.2275902,23.12817317
2017-03-27,05,0504,21894,21392,05,西场,113.2327144,23.13999428
2017-03-27,05,0505,42419,42329,05,西村,113.2366171,23.14483745
2017-03-27,05,0506,18570,35336,05,广州火车站,113.2513,23.1506
2017-03-27,05,0507,41797,40356,05,小北,113.2711772,23.14209786
2017-03-27,05,0508,36138,36116,05,淘金,113.28136770000002,23.13903619
2017-03-27,05,0509,28026,28741,05,区庄,113.2916,23.1371
2017-03-27,05,0510,24244,26775,05,动物园,113.3019371,23.137213
2017-03-27,05,0511,21408,21671,05,杨箕,113.3022,23.13
2017-03-27,05,0512,44149,44453,05,五羊邨,113.308896,23.12246477
2017-03-27,05,0513,49018,50280,05,珠江新城,113.315753,23.12200624
2017-03-27,05,0514,36695,35974,05,猎德,113.3272,23.1208
2017-03-27,05,0515,32986,33684,05,潭村,113.3405542,23.11994416
2017-03-27,05,0516,36308,37110,05,员村,113.3587735,23.11795767
2017-03-27,05,0517,23568,23009,05,科韵路,113.3719842,23.12165489
2017-03-27,05,0518,33927,35798,05,车陂南,113.3846659,23.11816509
2017-03-27,05,0519,19461,18710,05,东圃,113.3961251,23.11191208
2017-03-27,05,0520,20700,18143,05,三溪,113.4103332,23.10651611
2017-03-27,05,0521,11094,11163,05,鱼珠,113.4267348,23.102656
2017-03-27,05,0522,25376,28886,05,大沙地,113.44054540000002,23.10565659
2017-03-27,05,0523,17038,15352,05,大沙东,113.4528342,23.10886127
2017-03-27,05,0524,25695,23115,05,文冲,113.463532,23.1063885
2017-03-27,06,0601,23684,21214,06,浔峰岗,113.1963502,23.1668945
2017-03-27,06,0602,24987,23190,06,横沙,113.2013831,23.16071418
2017-03-27,06,0603,30725,29889,06,沙贝,113.2060375,23.1548356
2017-03-27,06,0604,8770,8955,06,河沙,113.2121757,23.13781691
2017-03-27,06,0605,2511,1447,06,坦尾,113.2128218,23.12809281
2017-03-27,06,0606,9969,9765,06,如意坊,113.2263371,23.11768885
2017-03-27,06,0607,10969,9520,06,黄沙,113.2351077,23.11257959
2017-03-27,06,0608,40748,41173,06,文化公园,113.2443853,23.11182598
2017-03-27,06,0609,28815,28424,06,一德路,113.2519172,23.11565257
2017-03-27,06,0610,11515,15339,06,海珠广场,113.2605354,23.11763929
2017-03-27,06,0611,22050,23220,06,北京路,113.2647242,23.12131745
2017-03-27,06,0612,17072,17501,06,团一大广场,113.2728,23.1209
2017-03-27,06,0613,18144,18060,06,东湖,113.2841,23.1173
2017-03-27,06,0614,21915,20739,06,东山口,113.2904216,23.12675593
2017-03-27,06,0615,10487,10645,06,区庄,113.2916,23.1371
2017-03-27,06,0616,14841,15189,06,黄花岗,113.2935,23.1431
2017-03-27,06,0617,23324,23268,06,沙河顶,113.3073,23.1547
2017-03-27,06,0619,16924,15433,06,天平架,113.3154,23.1621
2017-03-27,06,0621,17409,16731,06,天河客运站,113.3383371,23.17333592
2017-03-27,06,0622,24131,25630,06,长湴,113.3438612,23.18102554
2017-03-27,06,0624,9851,11801,06,龙洞,113.3721728,23.19366261
2017-03-27,06,0626,6162,6339,06,高塘石,113.4048325,23.19345103
2017-03-27,06,0627,7416,6886,06,黄陂,113.4275764,23.19082975
2017-03-27,06,0628,4623,4482,06,金峰,113.4457471,23.1836009
2017-03-27,06,0629,4707,4998,06,暹岗,113.4546987,23.17504507
2017-03-27,06,0630,4111,3954,06,苏元,113.462526,23.17323404
2017-03-27,06,0631,3062,3200,06,萝岗,113.4754,23.1783
2017-03-27,06,0632,11939,11745,06,香雪,113.4956577,23.17514172
2017-03-27,07,0701,16734,34280,07,广州南站,113.2650446,22.991757
2017-03-27,07,0702,696,689,07,石壁,113.2730486,22.99679692
2017-03-27,07,0703,541,557,07,谢村,113.2909966,22.99323963
2017-03-27,07,0704,5571,5609,07,钟村,113.310987,22.98893148
2017-03-27,07,0705,15968,13320,07,汉溪长隆,113.3248269,22.99624861
2017-03-27,07,0706,4534,4896,07,南村万博,113.3424945,23.00730586
2017-03-27,07,0707,12605,11580,07,员岗,113.3606127,23.01856073
2017-03-27,07,0708,6385,6457,07,板桥,113.38246,23.01926542
2017-03-27,07,0709,13928,5472,07,大学城南,113.3950252,23.04591521
2017-03-27,08,0814,16704,15373,08,凤凰新村,113.2508935,23.09711462
2017-03-27,08,0815,32240,31800,08,沙园,113.2551646,23.09121698
2017-03-27,08,0816,23884,22654,08,宝岗大道,113.2644157,23.08858677
2017-03-27,08,0818,19425,18949,08,晓港,113.2765179,23.09568688
2017-03-27,08,0819,41132,43429,08,中大,113.2877463,23.09470733
2017-03-27,08,0820,39578,38743,08,鹭江,113.30286979999998,23.09797551
2017-03-27,08,0821,66583,70543,08,客村,113.31516299999998,23.09890909
2017-03-27,08,0822,23079,23663,08,赤岗,113.329549,23.09902391
2017-03-27,08,0823,10166,9393,08,磨碟沙,113.3360071,23.10121359
2017-03-27,08,0824,7045,7650,08,新港东,113.3516716,23.10123984
2017-03-27,08,0825,28696,27755,08,琶洲,113.3611591,23.10109873
2017-03-27,30,3002,30093,31858,30,林和西,113.3183951,23.14396082
2017-03-27,30,3002,30093,31858,30,机场南,113.2975308,23.38877545
2017-03-27,30,3004,56370,55769,30,人和,113.2906185,23.33790206
2017-03-27,30,3005,46414,46364,30,龙归,113.295516,23.29139726
2017-03-27,30,3006,16514,12452,30,白云大道北,113.293227,23.22481081
2017-03-27,30,3007,34081,35258,30,永泰,113.3010106,23.22283683
2017-03-27,30,3008,48580,48860,30,同和,113.3207376,23.19986405
2017-03-27,30,3009,34441,36243,30,京溪南方医院,113.32067109999998,23.18782166
2017-03-27,30,3010,20568,21694,30,梅花园,113.3149773,23.17802926
2017-03-27,30,3011,34282,31925,30,燕塘,113.3220558,23.16278585
2017-03-27,30,30A1,26325,20912,,,,
2017-03-27,30,30A2,41108,43750,,,,
2017-03-27,60,6001,13351,12189,60,魁奇路,113.1031632,22.9967333
2017-03-27,60,6002,8208,8097,60,季华园,113.1030685,23.00969972
2017-03-27,60,6003,9019,8690,60,同济路,113.1028655,23.02158567
2017-03-27,60,6004,19234,20044,60,祖庙,113.1067684,23.02961751
2017-03-27,60,6005,8042,8089,60,普君北路,113.1173043,23.03018908
2017-03-27,60,6006,6204,5948,60,朝安,113.1282543,23.03018154
2017-03-27,60,6007,10730,10636,60,桂城,113.135886,23.03412609
2017-03-27,60,6008,13437,13448,60,南桂路,113.1486308,23.03657213
2017-03-27,60,6009,7065,6754,60,虫雷岗,113.1499246,23.0455823
2017-03-27,60,6010,13460,14525,60,千灯湖,113.1501136,23.05760446
2017-03-27,60,6011,10935,11563,60,金融高新区,113.153,23.0686
2017-03-27,60,6012,9733,8413,60,龙溪,113.1872985,23.06858529
2017-03-27,60,6013,7248,7045,60,菊树,113.207274,23.06892291
2017-03-27,60,6014,6677,5810,60,西朗,113.226701,23.06795116
2017-03-27,60,6015,6694,6460,60,鹤洞,113.234424,23.07499125
2017-03-27,60,6016,9072,8583,60,沙涌,113.2417236,23.08608123
2017-03-27,60,6018,13585,13146,60,燕岗,113.2653237,23.07921094
2017-03-27,60,6022,2253,2068,60,澜石,113.10175259999998,22.98685526
2017-03-27,60,6023,2767,2687,60,世纪莲,113.1089525,22.967765
2017-03-27,60,6024,1140,1180,60,东平,113.12371170000002,22.96788704
2017-03-27,60,6025,1410,1469,60,新城东,113.135,22.9615
2017-03-27,68,6801,7591,7591,68,林和西,113.3183951,23.14396082
2017-03-27,68,6802,1362,1362,68,体育中心南,113.3185,23.1367
2017-03-27,68,6803,1788,1788,68,天河南,113.3187444,23.1339214
2017-03-27,68,6804,5896,5896,68,黄埔大道,113.3189654,23.12951359
2017-03-27,68,6805,2764,2764,68,妇儿中心,113.319263,23.1251104
2017-03-27,68,6806,4116,4116,68,花城大道,113.3192,23.121
2017-03-27,68,6807,2826,2826,68,大剧院,113.3192915,23.11817878
2017-03-27,68,6808,2075,2075,68,海心沙,113.3189302,23.11412185
2017-03-27,68,6809,9099,9099,68,广州塔,113.317833,23.1088155
