line_id,station_id,name,wgs_lng,wgs_lat
01,01,西朗,113.226701,23.06795116
01,02,坑口,113.22710249999999,23.08159164
01,03,花地湾,113.2287117,23.089772
01,04,芳村,113.23032649999999,23.1012303
01,05,黄沙,113.2351077,23.11257959
01,06,长寿路,113.23675130000001,23.12092096
01,07,陈家祠,113.240959,23.12836353
01,08,西门口,113.25061699999999,23.12788609
01,09,公园前,113.2588787,23.12809791
01,10,农讲所,113.2700246,23.12927798
01,11,烈士陵园,113.2804187,23.12927213
01,12,东山口,113.2904216,23.12675593
01,13,杨箕,113.3022,23.1300
01,14,体育西路,113.3160915,23.13371546
01,15,体育中心,113.3229,23.1374
01,16,广州东站,113.3188729,23.152627600000002
02,09,江南西,113.26856770000002,23.09993807
02,10,市二宫,113.2645337,23.10862136
02,11,海珠广场,113.26053540000001,23.11763929
02,12,公园前,113.2588787,23.12809791
02,13,纪念堂,113.2580449,23.1347179
02,14,越秀公园,113.2559729,23.14287446
02,15,广州火车站,113.2513,23.1506
02,16,三元里,113.2519034,23.16189573
02,17,飞翔公园,113.25830069999999,23.17152768
02,18,白云公园,113.2655406,23.18432686
02,19,白云文化广场,113.27022360000001,23.19250837
02,20,萧岗,113.27501240000001,23.20097454
02,21,江夏,113.2778492,23.21386515
02,22,黄边,113.28191650000001,23.22444291
02,23,嘉禾望岗,113.28331990000001,23.24010754
02,41,昌岗,113.27152109999999,23.093296
02,42,江泰路,113.2752156,23.08473473
02,43,东晓南,113.2890197,23.0738509
02,44,南洲,113.29252269999999,23.06638859
02,45,洛溪,113.29338130000001,23.04579646
02,46,南浦,113.2881871,23.03644511
02,47,会江,113.28123899999999,23.01550866
02,48,石壁,113.27304860000001,22.99679692
02,49,广州南站,113.2650446,22.991757
03,03,体育西路,113.3160915,23.13371546
03,04,珠江新城,113.315753,23.12200624
03,05,广州塔,113.31783300000001,23.1088155
03,06,客村,113.31516299999998,23.09890909
03,07,大塘,113.3162596,23.08048641
03,08,沥,113.3150408,23.05753607
03,09,厦,113.315329,23.04014744
03,10,大石,113.3161695,23.02036278
03,11,汉溪长隆,113.3248269,22.99624861
03,12,市桥,113.3563709,22.95222853
03,13,番禺广场,113.3798282,22.93817521
03,14,天河客运站,113.3383371,23.17333592
03,15,五山,113.3464249,23.15511594
03,16,华师,113.33984170000001,23.14314816
03,17,岗顶,113.33414669999999,23.13744553
03,18,石牌桥,113.3262187,23.13586963
04,05,黄村,113.4016,23.1343
04,06,车陂,113.389941,23.12691761
04,08,万胜围,113.3792297,23.10024333
04,09,官洲,113.3712321,23.06950299
04,10,大学城北,113.3799456,23.06080148
04,11,大学城南,113.3950252,23.04591521
04,12,新造,113.4101024,23.03086726
04,13,石,113.4598044,22.95992618
04,14,海傍,113.4700577,22.94206827
04,15,低涌,113.4794358,22.92242385
04,16,东涌,113.4736184,22.888258800000003
04,17,黄阁汽车城,113.50438600000001,22.83876504
04,18,黄阁,113.5135275,22.82749739
04,19,蕉门,113.52237109999999,22.80342943
04,20,金洲,113.5338894,22.7951926
05,01,蚩,113.2030443,23.11634106
05,02,坦尾,113.21282179999999,23.12809281
05,03,中山八,113.2275902,23.12817317
05,04,西场,113.2327144,23.13999428
05,05,西村,113.23661709999999,23.14483745
05,06,广州火车站,113.2513,23.1506
05,07,小北,113.27117720000001,23.14209786
05,08,淘金,113.28136770000002,23.13903619
05,09,区庄,113.2916,23.1371
05,10,动物园,113.3019371,23.137213
05,11,杨箕,113.3022,23.1300
05,12,五羊,113.30889599999999,23.12246477
05,13,珠江新城,113.315753,23.12200624
05,14,猎德,113.3272,23.1208
05,15,潭村,113.34055420000001,23.11994416
05,16,员村,113.35877350000001,23.11795767
05,17,科韵路,113.3719842,23.12165489
05,18,车陂南,113.3846659,23.11816509
05,19,东圃,113.39612509999999,23.11191208
05,20,三溪,113.4103332,23.10651611
05,21,鱼珠,113.4267348,23.102656
05,22,大沙地,113.44054540000002,23.10565659
05,23,大沙东,113.4528342,23.10886127
05,24,文冲,113.463532,23.1063885
06,01,浔峰岗,113.19635020000001,23.1668945
06,02,横沙,113.2013831,23.16071418
06,03,沙贝,113.2060375,23.154835600000002
06,04,河沙,113.2121757,23.13781691
06,05,坦尾,113.21282179999999,23.12809281
06,06,如意坊,113.22633710000001,23.11768885
06,07,黄沙,113.2351077,23.11257959
06,08,文化公园,113.24438529999999,23.11182598
06,09,一德路,113.25191720000001,23.11565257
06,10,海珠广场,113.26053540000001,23.11763929
06,11,北京路,113.2647242,23.12131745
06,12,团一大广场,113.2728,23.1209
06,13,东湖,113.2841,23.1173
06,14,东山口,113.2904216,23.12675593
06,15,区庄,113.2916,23.1371
06,16,黄花岗,113.2935,23.1431
06,17,沙河顶,113.3073,23.1547
06,19,天平架,113.3154,23.1621
06,21,天河客运站,113.3383371,23.17333592
06,22,长,113.34386119999999,23.18102554
06,24,龙洞,113.37217279999999,23.19366261
06,26,高塘石,113.4048325,23.19345103
06,27,黄陂,113.42757639999999,23.19082975
06,28,金峰,113.44574709999999,23.1836009
06,29,暹岗,113.4546987,23.17504507
06,30,苏元,113.462526,23.17323404
06,31,萝岗,113.4754,23.1783
06,32,香雪,113.49565770000001,23.17514172
07,01,广州南站,113.2650446,22.991757
07,02,石壁,113.27304860000001,22.99679692
07,03,谢村,113.2909966,22.99323963
07,04,钟村,113.31098700000001,22.98893148
07,05,汉溪长隆,113.3248269,22.99624861
07,06,南村万博,113.3424945,23.00730586
07,07,员岗,113.3606127,23.01856073
07,08,板桥,113.38246000000001,23.01926542
07,09,大学城南,113.3950252,23.04591521
08,14,凤凰新村,113.2508935,23.09711462
08,15,沙园,113.2551646,23.09121698
08,16,宝岗大道,113.26441570000001,23.08858677
08,18,晓港,113.2765179,23.09568688
08,19,中大,113.2877463,23.09470733
08,20,鹭江,113.30286979999998,23.09797551
08,21,客村,113.31516299999998,23.09890909
08,22,赤岗,113.329549,23.09902391
08,23,磨碟沙,113.3360071,23.10121359
08,24,新港东,113.3516716,23.10123984
08,25,琶洲,113.3611591,23.10109873
30,01,广州东站,113.3188729,23.152627600000002
30,02,林和西,113.31839509999999,23.14396082
30,03,体育西路,113.3160915,23.13371546
30,02,机场南,113.29753079999999,23.38877545
30,04,人和,113.29061850000001,23.33790206
30,05,龙归,113.29551599999999,23.29139726
30,06,白云大道北,113.293227,23.22481081
30,07,永泰,113.3010106,23.22283683
30,08,同和,113.32073759999999,23.19986405
30,09,京溪南方医院,113.32067109999998,23.18782166
30,10,梅花园,113.31497730000001,23.17802926
30,11,燕塘,113.3220558,23.16278585
60,01,魁奇路,113.1031632,22.996733300000002
60,02,季华园,113.1030685,23.00969972
60,03,同济路,113.10286550000001,23.02158567
60,04,祖庙,113.1067684,23.02961751
60,05,普君北路,113.1173043,23.03018908
60,06,朝安,113.12825430000001,23.03018154
60,07,桂城,113.13588600000001,23.03412609
60,08,南桂路,113.14863079999999,23.03657213
60,09,虫雷岗,113.1499246,23.0455823
60,10,千灯湖,113.1501136,23.05760446
60,11,金融高新区,113.1530,23.0686
60,12,龙溪,113.18729850000001,23.06858529
60,13,菊树,113.207274,23.06892291
60,14,西朗,113.226701,23.06795116
60,15,鹤洞,113.234424,23.07499125
60,16,沙涌,113.2417236,23.08608123
60,18,燕岗,113.2653237,23.07921094
60,22,澜石,113.10175259999998,22.98685526
60,23,世纪莲,113.10895249999999,22.967765
60,24,东平,113.12371170000002,22.96788704
60,25,新城东,113.1350,22.9615
68,01,林和西,113.31839509999999,23.14396082
68,02,体育中心南,113.3185,23.1367
68,03,天河南,113.31874440000001,23.1339214
68,04,黄埔大道,113.31896540000001,23.12951359
68,05,妇儿中心,113.31926299999999,23.1251104
68,06,花城大道,113.3192,23.1210
68,07,大剧院,113.3192915,23.11817878
68,08,海心沙,113.31893020000001,23.11412185
68,09,广州塔,113.31783300000001,23.1088155
30,03,高增,113.2901, 23.3575
